0.12704542286505097
-0.08909525419825931
-0.11262555372587041
-0.11552605616836858
-0.06968072366147604
-0.4551724140858586
-0.40722213708038413
-0.06833790413955143
-0.0433707345596227
-0.31559990946834104
-0.06853613512411016
-0.17088696169601003
-0.16408130479164912
-0.07184905174147033
0.12237425674162747
-0.08912223130744279
-0.0017033206232324183
-0.02176231939534673
-0.04669935386005808
-0.34202704121142524
-0.25834256395202637
-0.14990165463832889
-0.07359960885954309
-0.11175382343952894
-0.11215996527292821
-0.0839433440445086
-0.27611543082893764
-0.2732358634095363
-0.1960191482584695
-0.3635614298967379
-0.2010815665749368
-0.07730914970706887
-0.1320006432912263
-0.4703634429103434
-0.11828615185021052
-0.03487988768875555
-0.09566400495696042
-0.06835144897304873
0.044353836333229035
-0.22180081280489278
-0.31143348477475014
-0.534162069519892
-0.8318659295924956
-0.9068375300897583
-1.0653209073131407
-1.0765248190477938
-1.0189760409119164
-0.8845723313099121
37.193007632910096
37.182339561779685
28.53352311419667
19.337224222115925
-0.6314099552233615
-0.5786903017581612
-0.5195602843795375
-0.5875979461661193
32.21837717124258
26.204485283507566
-0.18743749579564234
-0.2309640969203801
-0.1483194961950624
-0.06799207952162317
-0.08991200723067388
-0.12350219462806877
0.018935116732667373
-0.050713176153735495
-0.016615777798437287
-0.013003587963009572
-0.11031914988745706
-0.13153239799891708
-0.24772897890440304
-0.5333858241062888
-0.30536290493788065
-0.1764832082602547
-0.05446465058829758
-0.26616964807059024
-0.16584795175161643
-0.3062886530664287
-0.23725486715535016
-0.06576371596659325
-0.2879646493838035
-0.4432298192850185
-0.423502342072268
-0.3417344067260317
-0.38535466568600574
-0.32537257195510894
-0.29157403612841915
-0.0751193342118478
-0.0754786166788804
-0.07889587198294679
-0.0521344479130218
-0.14827231401926888
-0.26940136105472456
-0.17619774892172585
-0.15206096315505624
-0.31073910741024247
-0.11977029926807786
0.05708531603285341
-0.17045176890688124
-0.3419659694897822
0.01981773033300599
0.01981773033300599
0.01981773033300599
0.01981773033300599
0.01981773033300599
0.01981773033300599
0.01981773033300599
0.01981773033300599
0.01981773033300599
0.01981773033300599
0.01981773033300599
0.01981773033300599
0.01981773033300599
0.01981773033300599
0.01981773033300599
0.01981773033300599
0.01981773033300599
0.01981773033300599
0.01981773033300599
0.01981773033300599
18.18354134335555
-0.6058544405805931
-0.5278904902786817
-0.5092081189880108
-0.6380710523802967
-0.9497005630359671
-0.9614063428583352
-0.4527192121354925
-0.6741849905166051
-0.378347684829782
-0.32818121837165226
-0.02888812574769467
-0.032498212913673996
-0.04243815710583643
-0.02403564222578425
-0.060992692959666195
-0.26091555522532023
-0.5040264751553264
-0.05719938343072954
-0.0807288380007139
-0.16184851001140893
-0.25719093649695446
-0.24697470749789613
-0.32196361015140074
-0.15861099536116363
-0.2926517561959451
-0.3451484800197224
-0.21076884979181504
-0.24702402140167917
-0.3936751100665824
-0.3817143424138035
32.21910709557546
18.591257572755403
-0.19275395739225387
-0.08359019611796997
0.07727767754956369
0.06272089842069178
-0.016876212447217626
0.05097317328263165
-0.06744557532266271
0.01745562761780603
-0.03139484891712224
-0.038926818180398226
-0.16993183160370634
-0.1684085806425643
-0.26876700894591943
-0.18152624930965833
-0.16019758345970975
-0.15967927356772638
-0.6508041731058951
-0.6499263555393096
-0.42457715545880303
-0.4295405806831003
-0.5433771220129042
-0.3690138318078723
-0.24025348496866916
-0.023052641183969602
0.0026903443726660203
-0.05525419018212374
0.002949694604344022
-0.03488214732056327
-0.03218400473347732
-0.048129137719540194
-0.24060217939491307
-0.2823323557527251
-0.023377557945999772
-0.01146756491476314
0.011524237881958305
-0.04574745534290375
-0.06238559668288779
-0.11947831075506854
-0.16872404949591047
-0.06233830427197412
-0.372732197574715
-0.07312832245528739
-0.13110571095464374
-0.10511219956194634
-0.1344403257211636
-0.3952829868862112
-0.4710670066331786
-0.49815372947396197
-0.23940836715962782
0.023383070678138107
-0.11117705847997034
-0.3240923942432635
-0.014351593776777472
-0.020771908849793685
-0.029800268715071077
-0.022815727838582933
-0.2563581229412308
-0.023179101371505417
-0.2867602018454739
-0.12159605371220761
-0.026793911571055706
-0.055705190956152784
0.006806078694439471
-0.02205243231307935
-0.0035360953911688364
0.1286218918964407
-0.0042697110579904
0.01981773033300599
0.01981773033300599
0.01981773033300599
0.01981773033300599
0.01981773033300599
0.01981773033300599
0.01981773033300599
0.01981773033300599
0.01981773033300599
0.01981773033300599
0.01981773033300599
0.01981773033300599
0.01981773033300599
0.01981773033300599
0.01981773033300599
0.01981773033300599
0.01981773033300599
0.01981773033300599
0.01981773033300599
0.01981773033300599
-0.009738006321478226
-0.002104328570170455
-0.03673180026943618
-0.007292618561026518
26.18371532481698
-0.1205885329863818
-0.11255581463245629
-0.18425095153336912
-0.4559481903139321
-0.3488114335335575
-0.13615663034166658
-0.10438561083389047
-0.1800457654312908
-0.22748179982320513
-0.3201029334329909
-0.4172640817582376
-0.32282640469645063
-0.3239918207167638
-0.3207277760466164
29.181552784575693
-0.897023571113795
-0.9202341928411019
-0.7538923695549073
-1.0203420803411127
-0.888097171734659
-0.6281529601873009
-0.504853051145401
-0.4543730741680514
-0.304605835212133
-0.2398352586885668
-0.17273655097026358
-0.07913854434277717
-0.46303136946511614
-0.537537060199871
-0.6255224738024878
-0.6751528393792823
-0.7485667618518282
-0.5455052870070551
-0.10431306456648672
0.04035277199411025
-0.1097786583132655
-0.14356028228360124
-0.1321222544816073
-0.1267878407677066
-0.12527293157994857
-0.12521214105959833
-0.15604428529685177
-0.17542380818276881
-0.22623323685639746
-0.13697382579141748
-0.09978474912575075
0.026713429596316923
-0.22759011626890568
-0.08335076168871253
-0.02045923714822845
-0.023599334446450182
-0.02306405523094568
-0.19569752782328304
-0.35218401545128364
-0.046885439631112524
-0.04242197379570162
-0.015309365768951116
-0.027689326158389926
-0.039650959414438025
-0.1909736613903586
-0.055309314651180774
-0.08084992004843944
-0.13743289217558824
0.049873227084612975
-0.45166756171837175
-0.17229009602291323
0.14574660379755422
0.16844973932582574
0.10549506677905635
0.12187747886240405
-0.11184447395196206
-0.29519888255502647
-0.018035429607006243
-0.0274988466207155
-0.03393321172194674
-0.4078921369441699
-0.031792719742358866
-0.021661673720766772
-0.03228574929561984
-0.3906985553195679
-0.18177482735763645
-0.36733000452879605
-0.36220767597920667
-0.3548144692850872
-0.5099531332538996
-0.5743524226692921
-0.4048351702808196
-0.5684704473057378
-0.3112732101975429
-0.4364592073846777
-0.247100842459117
0.005200448586811318
-0.09687029677981734
-0.1749759735739838
-0.07139662591313439
0.01981773033300599
0.01981773033300599
0.01981773033300599
0.01981773033300599
0.01981773033300599
0.01981773033300599
0.01981773033300599
0.01981773033300599
0.01981773033300599
0.01981773033300599
0.01981773033300599
0.01981773033300599
0.01981773033300599
0.01981773033300599
0.01981773033300599
0.01981773033300599
0.01981773033300599
0.01981773033300599
0.01981773033300599
0.01981773033300599
-0.24659851884380868
-0.3094992238856312
-0.31689974088286543
-0.09245139066014041
-0.2125235315071043
0.07821758833894624
-0.13904109010688925
-0.3901174797313285
-0.48758857059743776
-0.6047535733178951
37.183578337178965
22.381169969968777
-0.6305796751284655
14.28624870385241
22.786105373148164
37.187553106073246
37.214376102371965
36.20378290077386
36.197163000519225
37.207035957237714
37.192342123812615
37.1956036819472
35.19070126559701
37.19432640546107
36.182636647054835
6.769285457967537
7.1044623475308875
-0.4366274289737335
30.277160831542542
22.967181970798467
-0.3021565601945857
22.539993780415262
-0.30077139369903194
22.4532752421402
30.360338568163822
30.24193924925666
22.44835545867122
-0.5891019918555013
7.570028201246643
-0.22716684194342146
-0.3224798207130304
-0.19276335146696488
7.877050277471095
7.796355764644653
-0.251854639331188
31.29311735455325
-0.1458412557453932
30.678509206772997
-0.42104755960726814
-0.055697395373503086
-0.32094632109248467
-0.07116109475065518
-0.15028876514298287
37.203938033372566
37.20284702486506
30.023087656247345
7.649367053993882
34.59524711145948
-0.051473999613697724
38.21689280391423
37.19757049385378
30.718941362646603
-0.05440786075024724
-0.3935865676214436
-0.17469424279339435
7.693250420585004
-0.3060417442102647
-0.2389069555918586
-0.24025989718785334
-0.3096168750327548
7.775460444891368
7.916361713276453
0.08299350379990236
0.12427695003828806
0.06002149059987412
0.04318176433671156
0.05217256090109115
15.799830811963464
30.211929736083718
29.198696670432117
31.196428442561988
31.20828423045879
29.19966799108165
27.18791989534997
0.04357677933974524
-0.0019994040892852283
27.692931985558722
38.19355537081012
38.18633619590005
39.203569078883596
39.205027310982565
38.18796117722356
29.97630264142467
38.22371599119362
37.20087745099778
36.195641854971825
19.69266372118328
-0.44361065399105204
-0.4595068043341477
-0.5284782437291251
38.40060440100759
38.40060440100759
38.40060440100759
38.40060440100759
38.40060440100759
38.40060440100759
38.40060440100759
38.40060440100759
38.40060440100759
38.40060440100759
38.40060440100759
38.40060440100759
38.40060440100759
38.40060440100759
38.40060440100759
38.40060440100759
38.40060440100759
38.40060440100759
38.40060440100759
38.40060440100759
38.40060440100759
38.40060440100759
38.40060440100759
38.40060440100759
38.40060440100759
38.40060440100759
38.40060440100759
38.40060440100759
38.40060440100759
38.40060440100759
38.40060440100759
38.40060440100759
38.40060440100759
38.40060440100759
38.40060440100759
38.40060440100759
38.40060440100759
38.40060440100759
38.40060440100759
38.40060440100759
38.40060440100759
38.40060440100759
38.40060440100759
38.40060440100759
38.40060440100759
38.40060440100759
38.40060440100759
38.40060440100759
38.40060440100759
38.40060440100759
38.40060440100759
38.40060440100759
38.40060440100759
38.40060440100759
38.40060440100759
38.40060440100759
38.40060440100759
38.40060440100759
38.40060440100759
38.40060440100759
38.40060440100759
38.40060440100759
38.40060440100759
38.40060440100759
38.40060440100759
38.40060440100759
38.40060440100759
38.40060440100759
38.40060440100759
38.40060440100759
38.40060440100759
38.40060440100759
38.40060440100759
38.40060440100759
38.40060440100759
38.40060440100759
38.40060440100759
38.40060440100759
38.40060440100759
38.40060440100759
38.40060440100759
38.40060440100759
38.40060440100759
38.40060440100759
38.40060440100759
38.40060440100759
38.40060440100759
38.40060440100759
38.40060440100759
38.40060440100759
38.40060440100759
38.40060440100759
38.40060440100759
38.40060440100759
38.40060440100759
38.40060440100759
38.40060440100759
38.40060440100759
38.40060440100759
38.40060440100759
-0.4820767103004286
-0.34275297649780134
-0.01602675015830178
-0.056898601920115685
0.03863090341121292
36.185439941672215
36.192772249589396
36.20693654720668
36.220603633310624
36.217260546252696
37.210276875331466
36.20235709781458
33.20287741449433
37.20189287827297
36.210745930604524
38.198517420540824
38.184560854966584
38.18663300346078
34.99127723655672
0.08650955620610477
16.34139532182622
0.13400856835362002
-0.053489435290073564
14.879839920058345
-0.01572991857395696
38.185536971823
38.19896041783499
38.211470040533094
38.215461386339925
36.20458541516698
36.21570977645773
37.20885660632277
37.19745546639455
37.203631403357676
30.192996878845996
0.07974079544207975
0.05633330008455799
-0.1288007644187837
-0.3530912660606854
20.58341917666755
37.1952891403143
34.191986100064554
36.223869079312074
38.21199701213865
39.203330533755896
39.197214988220864
-0.06977051479208123
38.18770785471625
36.410543423122
32.605505457462705
38.192541795486534
38.01723010018005
39.19480859830372
32.196692880925916
35.185919456378514
34.18216280292417
13.000720825391204
36.2000030827762
37.210414537697716
33.1856375439984
0.04113786666614
33.18504832837537
35.193519894942526
31.18314419123906
38.21514478572028
37.196842356599355
37.20470710942069
37.2044131398235
37.18639712062865
0.04136759748349135
0.031892307043246707
32.18111291690675
36.19334381183711
38.21086576100194
38.19982893690562
36.20522491198476
33.201951597709396
24.445856298027525
0.0016250180007149895
24.196626381818447
30.206612906709417
29.198742781994262
30.196735677123584
21.18972971380702
25.195299483364813
34.59732659426968
35.7918371988381
35.195041068311404
30.185569094467688
37.19951716860403
39.20360151422741
39.21037106615075
39.200451888198195
38.20358635855415
0.025739058682155952
37.19140075010651
39.21097125156001
38.197785777444324
0.08062958611327485
-0.045986449470349855
37.207824839168524
37.207824839168524
37.207824839168524
37.207824839168524
37.207824839168524
37.207824839168524
37.207824839168524
37.207824839168524
37.207824839168524
37.207824839168524
37.207824839168524
37.207824839168524
37.207824839168524
37.207824839168524
37.207824839168524
37.207824839168524
37.207824839168524
37.207824839168524
37.207824839168524
37.207824839168524
37.207824839168524
37.207824839168524
37.207824839168524
37.207824839168524
37.207824839168524
37.207824839168524
37.207824839168524
37.207824839168524
37.207824839168524
37.207824839168524
37.207824839168524
37.207824839168524
37.207824839168524
37.207824839168524
37.207824839168524
37.207824839168524
37.207824839168524
37.207824839168524
37.207824839168524
37.207824839168524
37.207824839168524
37.207824839168524
37.207824839168524
37.207824839168524
37.207824839168524
37.207824839168524
37.207824839168524
37.207824839168524
37.207824839168524
37.207824839168524
37.207824839168524
37.207824839168524
37.207824839168524
37.207824839168524
37.207824839168524
37.207824839168524
37.207824839168524
37.207824839168524
37.207824839168524
37.207824839168524
37.207824839168524
37.207824839168524
37.207824839168524
37.207824839168524
37.207824839168524
37.207824839168524
37.207824839168524
37.207824839168524
37.207824839168524
37.207824839168524
37.207824839168524
37.207824839168524
37.207824839168524
37.207824839168524
37.207824839168524
37.207824839168524
37.207824839168524
37.207824839168524
37.207824839168524
37.207824839168524
37.207824839168524
37.207824839168524
37.207824839168524
37.207824839168524
37.207824839168524
37.207824839168524
37.207824839168524
37.207824839168524
37.207824839168524
37.207824839168524
37.207824839168524
37.207824839168524
37.207824839168524
37.207824839168524
37.207824839168524
37.207824839168524
37.207824839168524
37.207824839168524
37.207824839168524
37.207824839168524
28.40032005735508
0.01890540729387641
0.03307689126462304
0.03416907332008058
-0.002294678415789883
0.0014300128406829204
0.017575274832785454
0.024108470632326726
0.019893850137619754
19.618153822717684
25.187613401730193
0.0593237843290509
35.80441052913283
33.19573817810596
32.19350760766141
39.18423342396284
39.18184484898133
31.189225461642277
33.202467915462805
38.20169286017796
-0.013236703748771561
39.183210788781054
39.190659410671245
38.58670288806689
-0.009250360797346271
15.020530430830814
30.068041046649522
30.077573690052965
10.24463568320894
28.18264264684494
27.22528529884301
0.023023402286846864
0.059132297990067514
0.06126607337348715
0.0681374026790382
0.033329923417793755
0.061007033324326415
0.11212546659481717
0.12049880941139995
0.04186318326135165
18.205585977694312
16.192446196167094
26.404206472438077
25.222116795970297
35.40756439630062
29.211001242525885
29.213926707760322
36.18536323571067
28.203669494477023
26.211123949589336
27.203931768968737
0.007027812982829104
32.214828390794835
31.211899964493977
34.40779758805414
27.197640613963927
-0.04738604905517188
-0.03415274666720283
-0.041049808070348845
-0.08054860927249373
-0.28518827760562826
-0.3070509525172975
-0.2285087300952905
-0.31717463828293446
30.72812520926022
0.028571562875285728
-0.004729705267342857
-0.06012383721391054
0.016439921321592707
0.050967217314359825
0.038815231623290106
32.20312471051668
32.20538852901635
33.20536069988341
34.205708942761035
35.20700085515856
33.18199558817095
-0.009987590838979293
-0.07622220299050496
38.21456612110905
37.21572994772145
38.21149367446499
37.206587923627204
28.18303033913605
-0.016121942480448875
0.035501889898755884
-0.09683570630029861
0.0143640721709309
0.12564015109447704
0.08309211064968978
0.004214693341861128
7.4496381540869745
39.19868548048207
39.201763181017014
39.18307034896222
39.19657516943687
39.19530514985807
39.192511743982266
39.20089472957504
39.19130690355532
39.20559871316612
39.20559871316612
39.20559871316612
39.20559871316612
39.20559871316612
39.20559871316612
39.20559871316612
39.20559871316612
39.20559871316612
39.20559871316612
39.20559871316612
39.20559871316612
39.20559871316612
39.20559871316612
39.20559871316612
39.20559871316612
39.20559871316612
39.20559871316612
39.20559871316612
39.20559871316612
39.20559871316612
39.20559871316612
39.20559871316612
39.20559871316612
39.20559871316612
39.20559871316612
39.20559871316612
39.20559871316612
39.20559871316612
39.20559871316612
39.20559871316612
39.20559871316612
39.20559871316612
39.20559871316612
39.20559871316612
39.20559871316612
39.20559871316612
39.20559871316612
39.20559871316612
39.20559871316612
39.20559871316612
39.20559871316612
39.20559871316612
39.20559871316612
39.20559871316612
39.20559871316612
39.20559871316612
39.20559871316612
39.20559871316612
39.20559871316612
39.20559871316612
39.20559871316612
39.20559871316612
39.20559871316612
39.20559871316612
39.20559871316612
39.20559871316612
39.20559871316612
39.20559871316612
39.20559871316612
39.20559871316612
39.20559871316612
39.20559871316612
39.20559871316612
39.20559871316612
39.20559871316612
39.20559871316612
39.20559871316612
39.20559871316612
39.20559871316612
39.20559871316612
39.20559871316612
39.20559871316612
39.20559871316612
39.20559871316612
39.20559871316612
39.20559871316612
39.20559871316612
39.20559871316612
39.20559871316612
39.20559871316612
39.20559871316612
39.20559871316612
39.20559871316612
39.20559871316612
39.20559871316612
39.20559871316612
39.20559871316612
39.20559871316612
39.20559871316612
39.20559871316612
39.20559871316612
39.20559871316612
39.20559871316612
39.20559871316612
39.20559871316612
39.20559871316612
39.20559871316612
39.20559871316612
39.20559871316612
39.1917199302747
34.39193943752682
34.38196174632308
33.19153738585718
22.26726787733881
0.09589497121381273
0.06783031676369361
7.486993470884325
7.6441872802416295
22.898383822669377
37.38884231388852
27.11749643808632
33.19190164462364
38.20203123830293
39.199831577043255
38.21022698829344
38.205156980023624
38.20572268855735
39.2029446050004
39.197146550547984
39.20341288869569
39.201091379100546
39.20771784090281
38.21236602063643
38.20071324567211
39.195957563676885
39.19373474262537
39.202161545562504
38.201081167545794
33.2140420042988
37.201733657289225
38.197960649935354
39.20301457138956
39.19872368025937
39.20000939309181
39.20580987190981
39.206440798232194
39.19814431572106
39.20404212439489
39.20762135965261
39.19490550993517
37.187553317550076
38.193236062271964
38.19885088734624
37.19912199013672
37.19544969693678
38.18956681539907
34.19511599876544
29.18249237892204
0.08368471131965947
0.05324571980772823
0.10470260790272777
0.06047708597684556
14.710687477998494
38.19940092396261
38.19342658425633
37.19505173414667
39.18736924783314
38.195628285084844
38.20266240019783
38.191602989026386
36.189640071410366
36.192050571361435
29.186937084171248
31.201745022542806
29.18929193352764
29.19840700768851
38.19382394987963
36.19424953970443
38.19386447436568
39.18981237633244
37.18975268607369
38.1960494465246
38.18759787100821
38.19775603478901
38.19735771812505
38.20206719484824
37.185023919988865
37.18877724697741
0.048167324617718804
0.04457998784073264
0.07973929088238274
0.03949498851139277
0.03600002287638046
0.035923182889602376
0.02425154505084902
26.18762459427044
32.98582881020859
36.19532830395348
36.20093774468528
36.19922007470301
35.19655125119738
35.20161069913623
36.20353298202018
37.20672111787572
38.21004793147657
38.201281919833264
38.20024105826013
38.19190297338995
38.1989922128079
38.200866900758015
38.200866900758015
38.200866900758015
38.200866900758015
38.200866900758015
38.200866900758015
38.200866900758015
38.200866900758015
38.200866900758015
38.200866900758015
38.200866900758015
38.200866900758015
38.200866900758015
38.200866900758015
38.200866900758015
38.200866900758015
38.200866900758015
38.200866900758015
38.200866900758015
38.200866900758015
38.200866900758015
38.200866900758015
38.200866900758015
38.200866900758015
38.200866900758015
38.200866900758015
38.200866900758015
38.200866900758015
38.200866900758015
38.200866900758015
38.200866900758015
38.200866900758015
38.200866900758015
38.200866900758015
38.200866900758015
38.200866900758015
38.200866900758015
38.200866900758015
38.200866900758015
38.200866900758015
38.200866900758015
38.200866900758015
38.200866900758015
38.200866900758015
38.200866900758015
38.200866900758015
38.200866900758015
38.200866900758015
38.200866900758015
38.200866900758015
38.200866900758015
38.200866900758015
38.200866900758015
38.200866900758015
38.200866900758015
38.200866900758015
38.200866900758015
38.200866900758015
38.200866900758015
38.200866900758015
38.200866900758015
38.200866900758015
38.200866900758015
38.200866900758015
38.200866900758015
38.200866900758015
38.200866900758015
38.200866900758015
38.200866900758015
38.200866900758015
38.200866900758015
38.200866900758015
38.200866900758015
38.200866900758015
38.200866900758015
38.200866900758015
38.200866900758015
38.200866900758015
38.200866900758015
38.200866900758015
38.200866900758015
38.200866900758015
38.200866900758015
38.200866900758015
38.200866900758015
38.200866900758015
38.200866900758015
38.200866900758015
38.200866900758015
38.200866900758015
38.200866900758015
38.200866900758015
38.200866900758015
38.200866900758015
38.200866900758015
38.200866900758015
38.200866900758015
38.200866900758015
38.200866900758015
38.200866900758015
38.198998623217854
39.20773855465292
39.20303390763943
39.200993880708786
39.20425110322027
39.20265156182143
39.21063213417958
39.205454019593176
39.21007674121827
39.211067078966956
39.20775409709924
39.202671194104035
39.213741892216476
39.208827710271
39.210812224214685
39.21222754586513
39.21139722263909
39.21973670504421
39.20774042756917
39.20867338448111
39.21028985600396
39.20569553448022
39.2034772412396
39.203518914285446
39.202652350537754
39.19563005498193
39.21282560430037
39.20082349527071
39.204983647135265
38.1977610146317
39.19764416923389
37.99358861901458
30.1906928062106
38.190627410615065
33.38914802443805
39.187745265520604
23.955909169074097
38.18748504393695
38.20342642852525
38.19141921362294
32.186765287934385
34.19529373405354
34.20044966914634
38.19298003014646
35.206239644392426
36.21246956070911
38.208485469195494
38.206079828373475
38.20333352933894
36.19833396013257
38.20223882195567
38.21502213583284
38.20218271773921
38.19502406756856
38.205022461499674
37.19922820503239
35.19862645222741
39.18287135546651
32.20588838092413
29.206674818887045
31.20282411633064
33.198263025491954
38.191666269722106
38.19558233944175
39.197989899415575
39.18756754849501
39.18730824447036
34.194224267151085
39.19659211838869
39.20056127018081
38.19384498622042
38.19368079812814
39.19835260485946
39.195588009149375
39.19478653517996
39.18907245201176
38.191949477951866
39.1995898234228
38.1898498147173
33.19633300145377
33.19962402037831
30.75048193689728
37.199568400684214
37.206573551117394
37.20777888912559
37.219660517000094
38.21927398422213
38.212638498659786
37.220094302637705
38.21606300755052
38.21564806167724
37.22181393566856
37.210090932259256
36.19407330158407
27.488519758465994
36.214645781542025
37.20510773676409
35.20181599713141
32.19580381699279
31.191033144749255
38.201756342601506
38.201756342601506
38.201756342601506
38.201756342601506
38.201756342601506
38.201756342601506
38.201756342601506
38.201756342601506
38.201756342601506
38.201756342601506
38.201756342601506
38.201756342601506
38.201756342601506
38.201756342601506
38.201756342601506
38.201756342601506
38.201756342601506
38.201756342601506
38.201756342601506
38.201756342601506
38.201756342601506
38.201756342601506
38.201756342601506
38.201756342601506
38.201756342601506
38.201756342601506
38.201756342601506
38.201756342601506
38.201756342601506
38.201756342601506
38.201756342601506
38.201756342601506
38.201756342601506
38.201756342601506
38.201756342601506
38.201756342601506
38.201756342601506
38.201756342601506
38.201756342601506
38.201756342601506
38.201756342601506
38.201756342601506
38.201756342601506
38.201756342601506
38.201756342601506
38.201756342601506
38.201756342601506
38.201756342601506
38.201756342601506
38.201756342601506
38.201756342601506
38.201756342601506
38.201756342601506
38.201756342601506
38.201756342601506
38.201756342601506
38.201756342601506
38.201756342601506
38.201756342601506
38.201756342601506
38.201756342601506
38.201756342601506
38.201756342601506
38.201756342601506
38.201756342601506
38.201756342601506
38.201756342601506
38.201756342601506
38.201756342601506
38.201756342601506
38.201756342601506
38.201756342601506
38.201756342601506
38.201756342601506
38.201756342601506
38.201756342601506
38.201756342601506
38.201756342601506
38.201756342601506
38.201756342601506
38.201756342601506
38.201756342601506
38.201756342601506
38.201756342601506
38.201756342601506
38.201756342601506
38.201756342601506
38.201756342601506
38.201756342601506
38.201756342601506
38.201756342601506
38.201756342601506
38.201756342601506
38.201756342601506
38.201756342601506
38.201756342601506
38.201756342601506
38.201756342601506
38.201756342601506
38.201756342601506
30.185418393364454
37.20585841314976
35.201114154485886
37.21279870940258
37.20504569946219
26.73874964123925
32.184692390272275
34.19334676839515
33.18994497860827
33.189163413880365
35.19602772022107
36.19702170758317
35.199871566150314
36.19860619468429
35.194262367028905
37.20418523015963
38.19830365556991
38.19611345454481
37.188541326327076
37.19123439768423
38.198375507277206
38.194147543351825
36.19932472494796
36.20615314788928
38.20419688873192
38.20284290071977
38.19747302346371
36.18331359009714
32.192538648441676
15.385364887751843
38.18604569035856
22.799528721347503
0.0076398042824924045
-0.006317665100140438
19.18284037720124
35.18321313092913
37.200109084018685
38.208466609336625
37.20835138871942
37.20407001649536
35.18592255110748
-0.10246361777460831
38.21780508876977
37.21197425738488
37.21134872183504
35.18992280755026
-0.05986593569258547
35.192439955560204
33.186066379220506
37.21509248415111
35.19589904055652
35.20163791670372
35.19942975223049
33.18525510672999
36.21072059030758
37.20750491597352
37.20516232583313
37.20493940088721
37.206591774165815
37.21260847412827
38.21843573198531
38.21262391883279
38.217427282116546
37.219477817816504
38.215747336756294
38.2157137780391
37.207463731907545
37.2191385444866
37.21982610123901
37.224842243776045
38.224747604311304
37.22315295880538
38.223523579372525
38.21930261961558
38.2098441661023
38.209234895928304
38.21093785793683
39.208803104795656
39.2074788433762
39.20656360905538
39.211944456095694
38.221413948903184
38.213604020966436
38.218526568832
38.20711064995842
37.19036397598519
37.189689757241574
37.19278481574974
37.20294907180338
38.202629954451254
38.191607356713014
38.19056625987182
39.202747786093774
39.20598942046687
39.20099267968331
38.19434712301708
38.201194342178056
38.19348306820645
37.580519596184914
39.221453494626545
38.20937420110077
38.20937420110077
38.20937420110077
38.20937420110077
38.20937420110077
38.20937420110077
38.20937420110077
38.20937420110077
38.20937420110077
38.20937420110077
38.20937420110077
38.20937420110077
38.20937420110077
38.20937420110077
38.20937420110077
38.20937420110077
38.20937420110077
38.20937420110077
38.20937420110077
38.20937420110077
38.20937420110077
38.20937420110077
38.20937420110077
38.20937420110077
38.20937420110077
38.20937420110077
38.20937420110077
38.20937420110077
38.20937420110077
38.20937420110077
38.20937420110077
38.20937420110077
38.20937420110077
38.20937420110077
38.20937420110077
38.20937420110077
38.20937420110077
38.20937420110077
38.20937420110077
38.20937420110077
38.20937420110077
38.20937420110077
38.20937420110077
38.20937420110077
38.20937420110077
38.20937420110077
38.20937420110077
38.20937420110077
38.20937420110077
38.20937420110077
38.20937420110077
38.20937420110077
38.20937420110077
38.20937420110077
38.20937420110077
38.20937420110077
38.20937420110077
38.20937420110077
38.20937420110077
38.20937420110077
38.20937420110077
38.20937420110077
38.20937420110077
38.20937420110077
38.20937420110077
38.20937420110077
38.20937420110077
38.20937420110077
38.20937420110077
38.20937420110077
38.20937420110077
38.20937420110077
38.20937420110077
38.20937420110077
38.20937420110077
38.20937420110077
38.20937420110077
38.20937420110077
38.20937420110077
38.20937420110077
38.20937420110077
38.20937420110077
38.20937420110077
38.20937420110077
38.20937420110077
38.20937420110077
38.20937420110077
38.20937420110077
38.20937420110077
38.20937420110077
38.20937420110077
38.20937420110077
38.20937420110077
38.20937420110077
38.20937420110077
38.20937420110077
38.20937420110077
38.20937420110077
38.20937420110077
38.20937420110077
39.207674231301894
39.19317669061429
30.778487585492073
37.211955029008635
37.199366493902154
37.20524170233098
37.20395752000269
38.21402818975767
37.20007819339534
37.19865432963677
38.19943522790573
29.99285743694071
36.1854557179197
37.193165578336
36.206953165841625
37.210204647574734
38.211388595642816
37.21153792805227
38.2031895662179
38.202900738854794
38.19179360896041
37.19155641114451
38.19479338027691
38.20042079975477
37.19617663392459
38.19441889717936
37.18853937454514
38.192247797229264
38.187986381437234
17.18768773723056
25.191615281401937
30.190368759145574
2.188545542498213
32.19015809108876
34.19610781637196
35.204105386824004
35.19149849343158
32.20888490331713
36.20381872205468
35.20343530285217
33.2076878118175
33.20233789810973
30.192149446366297
36.20763166212572
31.19407964059392
35.1918533730976
35.19420947007063
34.20266814480322
36.20599725929378
34.20267021022029
34.208274636495545
34.20720666927372
35.20714961738045
32.20229553595317
33.20835671770693
31.204391485132085
32.22150010640955
33.21930324256467
36.21319670367655
35.2118973460653
33.212525292751536
36.20435610878554
37.19626817226372
35.211077615156796
36.21479163334421
35.209179958839
34.21900842391039
36.220809999242
36.210321321964855
36.209835956023
-0.2783752833414175
38.20481494560063
38.21216026717854
38.220218942429426
38.220961069136706
38.221204644011095
38.21665301024656
38.20608104023398
38.213893149465534
38.204612160021824
38.20848819520855
39.21558014233064
39.212213475222
39.20563667120924
39.21112166493773
38.20468039471445
38.203880761854684
39.214210453050754
38.201971655171306
38.201789008661294
38.199602189769465
39.207427368271986
39.19844246640227
39.201523202655075
39.20560000810455
39.21160233338187
38.19631676887625
38.19728353724699
39.20725994535955
39.21574081968562
39.21426150186797
39.21426150186797
39.21426150186797
39.21426150186797
39.21426150186797
39.21426150186797
39.21426150186797
39.21426150186797
39.21426150186797
39.21426150186797
39.21426150186797
39.21426150186797
39.21426150186797
39.21426150186797
39.21426150186797
39.21426150186797
39.21426150186797
39.21426150186797
39.21426150186797
39.21426150186797
39.21426150186797
39.21426150186797
39.21426150186797
39.21426150186797
39.21426150186797
39.21426150186797
39.21426150186797
39.21426150186797
39.21426150186797
39.21426150186797
39.21426150186797
39.21426150186797
39.21426150186797
39.21426150186797
39.21426150186797
39.21426150186797
39.21426150186797
39.21426150186797
39.21426150186797
39.21426150186797
39.21426150186797
39.21426150186797
39.21426150186797
39.21426150186797
39.21426150186797
39.21426150186797
39.21426150186797
39.21426150186797
39.21426150186797
39.21426150186797
39.21426150186797
39.21426150186797
39.21426150186797
39.21426150186797
39.21426150186797
39.21426150186797
39.21426150186797
39.21426150186797
39.21426150186797
39.21426150186797
39.21426150186797
39.21426150186797
39.21426150186797
39.21426150186797
39.21426150186797
39.21426150186797
39.21426150186797
39.21426150186797
39.21426150186797
39.21426150186797
39.21426150186797
39.21426150186797
39.21426150186797
39.21426150186797
39.21426150186797
39.21426150186797
39.21426150186797
39.21426150186797
39.21426150186797
39.21426150186797
39.21426150186797
39.21426150186797
39.21426150186797
39.21426150186797
39.21426150186797
39.21426150186797
39.21426150186797
39.21426150186797
39.21426150186797
39.21426150186797
39.21426150186797
39.21426150186797
39.21426150186797
39.21426150186797
39.21426150186797
39.21426150186797
39.21426150186797
39.21426150186797
39.21426150186797
39.21426150186797
39.21309449144922
39.20241777981755
39.20231618255298
39.216357305763786
39.211427758235736
39.20987944562301
39.213524557102815
39.218884606442444
39.21704921916875
39.218395009257236
39.21629730770058
39.21680857194242
38.21567016280254
38.201841467642076
38.200094272961394
39.20601973730408
39.20772079224293
38.19668895435786
38.19200751687371
38.187420689129844
39.19702960919029
30.749762552190568
38.20635905827568
38.20548022158326
38.20828219896628
38.203779037717815
38.2166256172776
38.21367448285196
38.20000989438304
38.2116915567121
38.22011303953662
39.21110567780434
38.20870382430797
39.2190960146341
38.217406558190625
38.216571910452345
38.20929764496465
38.20745855940388
38.213159512533885
39.2122078984253
37.198987299886795
37.195999799726955
35.18421487353544
0.11163494357552935
38.19587641004411
38.18191653092842
38.182174677546
38.18821587712861
38.18895421533689
35.19737435696199
34.20969993294266
37.22125537305438
37.20989682028517
36.20844575963043
37.19901491359023
36.216243214852206
37.22864554381507
37.210224599600295
37.21854692824804
36.205184410651455
37.19029744275546
35.1959124636508
37.19595508495091
36.18893800411041
37.187742566361365
37.1884733135718
38.184762080795544
32.205536002774345
37.19233890211785
33.191131570683766
23.181258015588064
35.19544310287013
33.19656037567403
34.19866230183012
34.20638236136856
35.22683644533432
36.20918778730873
36.205700553090544
36.195125430585584
35.20087115119126
35.21032541128907
34.2058571630449
35.21477650340332
33.204210516697856
34.20139192381744
34.21707417963138
34.21760937091294
35.220167310245216
35.213585357192976
34.21912414941742
34.21444718682095
33.218579742961325
34.209254781617105
33.21184640170545
31.222993066821978
29.21503002919978
32.21486824375657
33.209205167168925
34.20667482755086
33.207633110001005
39.20954962911228
39.20954962911228
39.20954962911228
39.20954962911228
39.20954962911228
39.20954962911228
39.20954962911228
39.20954962911228
39.20954962911228
39.20954962911228
39.20954962911228
39.20954962911228
39.20954962911228
39.20954962911228
39.20954962911228
39.20954962911228
39.20954962911228
39.20954962911228
39.20954962911228
39.20954962911228
39.20954962911228
39.20954962911228
39.20954962911228
39.20954962911228
39.20954962911228
39.20954962911228
39.20954962911228
39.20954962911228
39.20954962911228
39.20954962911228
39.20954962911228
39.20954962911228
39.20954962911228
39.20954962911228
39.20954962911228
39.20954962911228
39.20954962911228
39.20954962911228
39.20954962911228
39.20954962911228
39.20954962911228
39.20954962911228
39.20954962911228
39.20954962911228
39.20954962911228
39.20954962911228
39.20954962911228
39.20954962911228
39.20954962911228
39.20954962911228
39.20954962911228
39.20954962911228
39.20954962911228
39.20954962911228
39.20954962911228
39.20954962911228
39.20954962911228
39.20954962911228
39.20954962911228
39.20954962911228
39.20954962911228
39.20954962911228
39.20954962911228
39.20954962911228
39.20954962911228
39.20954962911228
39.20954962911228
39.20954962911228
39.20954962911228
39.20954962911228
39.20954962911228
39.20954962911228
39.20954962911228
39.20954962911228
39.20954962911228
39.20954962911228
39.20954962911228
39.20954962911228
39.20954962911228
39.20954962911228
39.20954962911228
39.20954962911228
39.20954962911228
39.20954962911228
39.20954962911228
39.20954962911228
39.20954962911228
39.20954962911228
39.20954962911228
39.20954962911228
39.20954962911228
39.20954962911228
39.20954962911228
39.20954962911228
39.20954962911228
39.20954962911228
39.20954962911228
39.20954962911228
39.20954962911228
39.20954962911228
34.21536083388758
35.206722864084895
34.20708357384088
33.2180873116926
33.21339545674671
34.20546944252199
36.211832265136266
36.21288352723876
36.20396190544156
36.20354756131483
36.223223128739285
36.21336986587621
35.19158573513449
35.207915983237946
37.211219251632194
36.19788565881001
36.19510869680047
36.2074605706133
35.194568331860715
36.195972068904496
0.1535929093354361
33.20799315493238
32.202016753742996
32.20893252252496
31.200948779474135
-18.808369428917995
34.2098327059462
36.21073922036709
36.202693773829225
35.21464811364625
36.203043791732966
36.20633986753615
38.20125418423408
38.204275242648656
38.20293533846272
38.209316703342225
38.2169794935825
38.211179161804324
37.19562254363524
37.19228308371481
35.19413308633805
36.18786191528345
35.18249426714657
28.187601653210393
5.18673240728829
23.1868392057983
29.19169656165276
21.737713816536576
16.93558039603626
0.02946672150417942
28.193175013384394
24.182085977339838
29.19806541347375
38.190100531563424
37.185686279517356
38.1981776272505
38.20004722241543
36.19850860861004
33.192346516274725
35.19432125811297
37.20358952671347
37.21555790367091
38.21291694375832
35.21101502938357
34.21182143675427
32.20240374293083
33.21069644011977
35.20722980738449
35.20972992605397
22.198338611973444
33.211252911292526
35.20595727782463
34.20763729480661
37.203011138041795
37.1984163380639
34.203629707536095
39.2092012848841
39.20500284375775
39.19928798413932
39.213137509633256
38.21777556637233
39.21658954819211
39.21057646518653
38.2060640802194
38.198646406027315
38.19954787565224
38.21310884966615
37.20672739888212
36.19729740058147
21.572508986599477
37.186810826882976
28.40758024872235
39.208875510353934
39.21144597884453
39.20424314976756
39.21323984338779
38.221017029653666
38.22313957349242
38.223500984804694
38.21672972891152
38.20689549152783
38.20689549152783
38.20689549152783
38.20689549152783
38.20689549152783
38.20689549152783
38.20689549152783
38.20689549152783
38.20689549152783
38.20689549152783
38.20689549152783
38.20689549152783
38.20689549152783
38.20689549152783
38.20689549152783
38.20689549152783
38.20689549152783
38.20689549152783
38.20689549152783
38.20689549152783
38.20689549152783
38.20689549152783
38.20689549152783
38.20689549152783
38.20689549152783
38.20689549152783
38.20689549152783
38.20689549152783
38.20689549152783
38.20689549152783
38.20689549152783
38.20689549152783
38.20689549152783
38.20689549152783
38.20689549152783
38.20689549152783
38.20689549152783
38.20689549152783
38.20689549152783
38.20689549152783
38.20689549152783
38.20689549152783
38.20689549152783
38.20689549152783
38.20689549152783
38.20689549152783
38.20689549152783
38.20689549152783
38.20689549152783
38.20689549152783
38.20689549152783
38.20689549152783
38.20689549152783
38.20689549152783
38.20689549152783
38.20689549152783
38.20689549152783
38.20689549152783
38.20689549152783
38.20689549152783
38.20689549152783
38.20689549152783
38.20689549152783
38.20689549152783
38.20689549152783
38.20689549152783
38.20689549152783
38.20689549152783
38.20689549152783
38.20689549152783
38.20689549152783
38.20689549152783
38.20689549152783
38.20689549152783
38.20689549152783
38.20689549152783
38.20689549152783
38.20689549152783
38.20689549152783
38.20689549152783
38.20689549152783
38.20689549152783
38.20689549152783
38.20689549152783
38.20689549152783
38.20689549152783
38.20689549152783
38.20689549152783
38.20689549152783
38.20689549152783
38.20689549152783
38.20689549152783
38.20689549152783
38.20689549152783
38.20689549152783
38.20689549152783
38.20689549152783
38.20689549152783
38.20689549152783
38.20689549152783
38.19648810637542
34.18555420916827
38.1894260975785
30.80429257208999
13.444624039397139
38.18604184494113
33.1844079368584
32.204292124754204
33.20759984062251
39.19645947731078
35.193461853721786
34.19412293996285
36.58881818349861
0.04412734445706454
39.19287727666393
39.19522589961229
39.206847609128985
39.20778477163955
39.20452148677124
39.20139199342309
39.20047441886975
39.1951041618442
38.18901565124177
39.20226422079992
38.1982345927064
38.181718472380524
23.474611370534063
30.909581819212924
-0.12853779634683896
37.198826405022096
38.21412205683397
37.20866978209986
37.21803663733428
36.220709173869444
37.225391828964646
38.21470009133003
37.22866773101621
37.220987555118185
38.22438769798615
38.21648503416938
36.214857005568504
36.21942784922163
36.21864269345047
36.20961115160024
37.21358746539466
38.216598552385314
38.224935629558416
37.21055558203575
37.211207587755545
37.21376813751808
38.22302283370816
37.20956578515385
38.211947651790844
38.20648020332607
38.19841402545457
38.21897088444172
39.21191702476329
39.215029830543585
38.20211422429593
38.21460747360404
39.20170795936468
39.19720079191732
39.200709590446664
39.204592774657684
38.199212884859975
38.191199097724805
39.19428057732234
39.206470630350694
39.214457938664076
38.21564009480258
38.21721835409505
38.20876763971889
39.22436373636206
38.215238057332265
39.21140287097382
39.206762331424194
39.208339465239135
39.21347367504123
39.218874041430226
39.218644066875434
39.21580513004115
39.2128776380879
39.20996478749264
39.21193408613685
38.20029802748441
38.192695061742405
39.216514913538795
39.22059396055671
39.22280404616803
39.220356203795255
39.21797626152535
39.21746192176313
39.22224841160308
39.215815994532726
39.22136343662109
39.22000291772139
39.211153436161226
39.210795265406674
39.209665601331686
39.220046785905076
39.20019336785751
39.20019336785751
39.20019336785751
39.20019336785751
39.20019336785751
39.20019336785751
39.20019336785751
39.20019336785751
39.20019336785751
39.20019336785751
39.20019336785751
39.20019336785751
39.20019336785751
39.20019336785751
39.20019336785751
39.20019336785751
39.20019336785751
39.20019336785751
39.20019336785751
39.20019336785751
39.20019336785751
39.20019336785751
39.20019336785751
39.20019336785751
39.20019336785751
39.20019336785751
39.20019336785751
39.20019336785751
39.20019336785751
39.20019336785751
39.20019336785751
39.20019336785751
39.20019336785751
39.20019336785751
39.20019336785751
39.20019336785751
39.20019336785751
39.20019336785751
39.20019336785751
39.20019336785751
39.20019336785751
39.20019336785751
39.20019336785751
39.20019336785751
39.20019336785751
39.20019336785751
39.20019336785751
39.20019336785751
39.20019336785751
39.20019336785751
39.20019336785751
39.20019336785751
39.20019336785751
39.20019336785751
39.20019336785751
39.20019336785751
39.20019336785751
39.20019336785751
39.20019336785751
39.20019336785751
39.20019336785751
39.20019336785751
39.20019336785751
39.20019336785751
39.20019336785751
39.20019336785751
39.20019336785751
39.20019336785751
39.20019336785751
39.20019336785751
39.20019336785751
39.20019336785751
39.20019336785751
39.20019336785751
39.20019336785751
39.20019336785751
39.20019336785751
39.20019336785751
39.20019336785751
39.20019336785751
39.20019336785751
39.20019336785751
39.20019336785751
39.20019336785751
39.20019336785751
39.20019336785751
39.20019336785751
39.20019336785751
39.20019336785751
39.20019336785751
39.20019336785751
39.20019336785751
39.20019336785751
39.20019336785751
39.20019336785751
39.20019336785751
39.20019336785751
39.20019336785751
39.20019336785751
39.20019336785751
39.217475209646345
39.21767995284895
39.21476884563201
39.198238817667935
39.19725657155117
39.20674816464695
39.21748740577536
39.204848217757785
38.197838545505974
37.1967104852191
38.19584794083858
38.19677011947466
38.19444780865086
38.199745226304856
37.18896003285233
36.19608228485488
33.18606289855896
36.19576331806901
37.19818478720189
38.19700760523696
38.2041103203439
37.205141030971426
38.20040241093223
38.19988605081845
38.195793911886426
39.20828416737987
39.21619432769018
39.22422301175739
39.21629904592176
39.210463600324296
39.21462588064497
39.212615174305526
39.20676746760257
39.19696662609194
38.20437064154959
39.20158339256954
39.19671252252436
39.19394823069448
39.18942305479305
39.19987199159606
39.19810622141232
39.18921861330983
38.19427719890702
39.207643229344576
20.49358300489502
39.20523137167253
39.20862337501674
39.20884268608557
39.21066720410946
39.209950766915185
39.205055816085576
39.20165561691995
39.208585277019765
39.19771943832489
39.20418513740583
39.19929767846417
39.20066714251325
39.20519401224939
38.190780991509
39.20681824155367
39.206515788430096
38.19142146607204
39.20214062762088
39.19888844790406
39.20347516798638
39.205037758597875
39.207154408771636
39.20556916063824
39.205833034850954
39.203618604236624
39.205539172330134
39.20289023534799
38.21620858721277
39.222444908656875
39.22507842655881
39.214844964638004
39.21132235897811
39.20648592807757
39.21369588610815
39.21220212067887
39.20523382629253
38.212113128566706
38.21335881735101
38.20673078110009
38.19622620421964
38.191778440760274
38.21784119905541
38.20721589744396
38.191727497665305
38.19164360073117
38.190174047950116
38.18844700143861
38.18862604938384
38.18484969996085
30.429307065274525
15.664090104125243
15.832654381995116
-0.13938668631612094
38.19508636581579
37.195197832376635
38.20060114724207
38.20060114724207
38.20060114724207
38.20060114724207
38.20060114724207
38.20060114724207
38.20060114724207
38.20060114724207
38.20060114724207
38.20060114724207
38.20060114724207
38.20060114724207
38.20060114724207
38.20060114724207
38.20060114724207
38.20060114724207
38.20060114724207
38.20060114724207
38.20060114724207
38.20060114724207
38.20060114724207
38.20060114724207
38.20060114724207
38.20060114724207
38.20060114724207
38.20060114724207
38.20060114724207
38.20060114724207
38.20060114724207
38.20060114724207
38.20060114724207
38.20060114724207
38.20060114724207
38.20060114724207
38.20060114724207
38.20060114724207
38.20060114724207
38.20060114724207
38.20060114724207
38.20060114724207
38.20060114724207
38.20060114724207
38.20060114724207
38.20060114724207
38.20060114724207
38.20060114724207
38.20060114724207
38.20060114724207
38.20060114724207
38.20060114724207
38.20060114724207
38.20060114724207
38.20060114724207
38.20060114724207
38.20060114724207
38.20060114724207
38.20060114724207
38.20060114724207
38.20060114724207
38.20060114724207
38.20060114724207
38.20060114724207
38.20060114724207
38.20060114724207
38.20060114724207
38.20060114724207
38.20060114724207
38.20060114724207
38.20060114724207
38.20060114724207
38.20060114724207
38.20060114724207
38.20060114724207
38.20060114724207
38.20060114724207
38.20060114724207
38.20060114724207
38.20060114724207
38.20060114724207
38.20060114724207
38.20060114724207
38.20060114724207
38.20060114724207
38.20060114724207
38.20060114724207
38.20060114724207
38.20060114724207
38.20060114724207
38.20060114724207
38.20060114724207
38.20060114724207
38.20060114724207
38.20060114724207
38.20060114724207
38.20060114724207
38.20060114724207
38.20060114724207
38.20060114724207
38.20060114724207
38.20060114724207
37.195709561666625
27.634347482400447
35.20643754534753
35.20698040038989
35.19514828171493
35.196414138665276
35.20063549371295
36.19750329633679
34.20612536600294
34.209254343269684
36.2024658466446
35.20047354974918
33.20217726388832
36.209712270039645
37.21104130600682
37.209036702999
32.19485245846643
33.20349050671841
29.20319721766704
36.19676679596708
37.19654297688087
37.195776807983435
36.19716647089739
38.18879014694469
38.18851634419351
38.1877894144457
39.195667307044936
39.19940429835657
38.189956914853624
39.19353011898103
36.92378884766993
38.209196309501664
38.19672341159057
38.1945292122471
37.20605438739668
38.20987197254208
37.20712535335887
37.21008149140535
38.20736867901478
38.202250976236
38.20355931276894
38.211894481291864
38.209415856758426
38.214725501718846
39.210701488723544
38.196261465914155
37.195135306266764
38.19450054007869
39.20561857184914
39.21126632466658
38.20643535686523
39.20257753831572
39.212049993589346
39.222588503122836
39.21958258896583
38.19615602184825
37.18392835486227
38.193816380966744
38.199512476632854
38.20427406852205
39.21925270518365
38.22072386636498
38.21025126647652
38.21912974996965
38.21997514175178
38.21071369360774
38.20461951595053
38.222203157167435
39.22053706633373
39.21699591401448
39.223109187660775
39.221964031053574
38.21989810404001
38.22811633964124
39.221543977228464
39.22258474551523
39.22118751800553
38.22134847106634
38.22190097812127
38.224084787749675
37.21482326977717
37.210244444081624
36.207309923517016
38.224535533557074
38.21683997876444
36.21768535566284
36.216006683258954
37.20602846831753
29.300760657595607
36.20291716340399
39.189565302380785
37.19881076567665
36.20588836917212
36.20717984864935
37.20509443042959
37.19595997805604
34.181448516268055
35.197915967299515
35.18545787881266
37.20889376916753
37.21481470646769
37.21481470646769
37.21481470646769
37.21481470646769
37.21481470646769
37.21481470646769
37.21481470646769
37.21481470646769
37.21481470646769
37.21481470646769
37.21481470646769
37.21481470646769
37.21481470646769
37.21481470646769
37.21481470646769
37.21481470646769
37.21481470646769
37.21481470646769
37.21481470646769
37.21481470646769
37.21481470646769
37.21481470646769
37.21481470646769
37.21481470646769
37.21481470646769
37.21481470646769
37.21481470646769
37.21481470646769
37.21481470646769
37.21481470646769
37.21481470646769
37.21481470646769
37.21481470646769
37.21481470646769
37.21481470646769
37.21481470646769
37.21481470646769
37.21481470646769
37.21481470646769
37.21481470646769
37.21481470646769
37.21481470646769
37.21481470646769
37.21481470646769
37.21481470646769
37.21481470646769
37.21481470646769
37.21481470646769
37.21481470646769
37.21481470646769
37.21481470646769
37.21481470646769
37.21481470646769
37.21481470646769
37.21481470646769
37.21481470646769
37.21481470646769
37.21481470646769
37.21481470646769
37.21481470646769
37.21481470646769
37.21481470646769
37.21481470646769
37.21481470646769
37.21481470646769
37.21481470646769
37.21481470646769
37.21481470646769
37.21481470646769
37.21481470646769
37.21481470646769
37.21481470646769
37.21481470646769
37.21481470646769
37.21481470646769
37.21481470646769
37.21481470646769
37.21481470646769
37.21481470646769
37.21481470646769
37.21481470646769
37.21481470646769
37.21481470646769
37.21481470646769
37.21481470646769
37.21481470646769
37.21481470646769
37.21481470646769
37.21481470646769
37.21481470646769
37.21481470646769
37.21481470646769
37.21481470646769
37.21481470646769
37.21481470646769
37.21481470646769
37.21481470646769
37.21481470646769
37.21481470646769
37.21481470646769
36.22114491865147
36.22512922705685
36.18191844197337
36.194860020833445
37.188055755435
21.76487709344972
35.18493804687881
35.20455468028815
36.22052314859333
35.209386677447505
22.989312828930643
30.213056746187753
-40.814203475406195
35.20506778482924
36.18404395249078
17.78601566675078
34.20408300349048
36.20339951696525
36.211700626780996
23.193642953165654
-0.5132920466248901
26.919423232518596
-0.27901333270004014
-0.6487067286757935
2.2511595774276545
-0.38120429022558944
38.192463480840765
38.19830553730793
38.21348172010481
38.209993117043155
37.21565875418688
37.219010013675664
38.20152558096729
38.190782722616774
39.18845486307433
39.1883457784052
39.19627252530448
39.19659838436907
39.19451960067454
39.21441873564993
39.222128343653736
39.212315521111485
39.20685677657192
38.208327029397445
38.19990189756103
38.19685699384844
38.19612045123934
38.20019094516471
38.21565337055836
38.21344250480896
37.222440034277845
37.19546210690168
37.202311530802675
34.20881699569719
36.20678935831639
36.20284775726786
35.184058314815495
-0.03614859668486475
-0.26444965717690483
24.386253388002867
38.19811595964016
37.20300583463605
38.21595766430989
39.20442743192076
39.19914279367531
38.21875064995951
38.209300019218944
38.21337100140629
38.21319930682496
38.20465356649741
35.18543472708711
-42.79273186502892
38.20078211233053
37.1949873932259
38.20053347507955
38.20035546881104
38.20664205883952
38.213113062427325
37.21771403126061
38.21259533514505
38.21331606179925
38.21042058480383
38.21161536147263
38.20525332749036
38.207873280163675
38.21521039667318
38.21284209100177
38.20358739233743
38.191447172798696
38.20632229558754
39.209207971930304
39.19686184441909
39.20268763325089
39.20729407624445
39.210114251911236
39.21279711421421
39.210270894946895
39.212146021335904
39.20867764211163
39.203009395834314
36.1959220131167
36.1959220131167
36.1959220131167
36.1959220131167
36.1959220131167
36.1959220131167
36.1959220131167
36.1959220131167
36.1959220131167
36.1959220131167
36.1959220131167
36.1959220131167
36.1959220131167
36.1959220131167
36.1959220131167
36.1959220131167
36.1959220131167
36.1959220131167
36.1959220131167
36.1959220131167
36.1959220131167
36.1959220131167
36.1959220131167
36.1959220131167
36.1959220131167
36.1959220131167
36.1959220131167
36.1959220131167
36.1959220131167
36.1959220131167
36.1959220131167
36.1959220131167
36.1959220131167
36.1959220131167
36.1959220131167
36.1959220131167
36.1959220131167
36.1959220131167
36.1959220131167
36.1959220131167
36.1959220131167
36.1959220131167
36.1959220131167
36.1959220131167
36.1959220131167
36.1959220131167
36.1959220131167
36.1959220131167
36.1959220131167
36.1959220131167
36.1959220131167
36.1959220131167
36.1959220131167
36.1959220131167
36.1959220131167
36.1959220131167
36.1959220131167
36.1959220131167
36.1959220131167
36.1959220131167
36.1959220131167
36.1959220131167
36.1959220131167
36.1959220131167
36.1959220131167
36.1959220131167
36.1959220131167
36.1959220131167
36.1959220131167
36.1959220131167
36.1959220131167
36.1959220131167
36.1959220131167
36.1959220131167
36.1959220131167
36.1959220131167
36.1959220131167
36.1959220131167
36.1959220131167
36.1959220131167
36.1959220131167
36.1959220131167
36.1959220131167
36.1959220131167
36.1959220131167
36.1959220131167
36.1959220131167
36.1959220131167
36.1959220131167
36.1959220131167
36.1959220131167
36.1959220131167
36.1959220131167
36.1959220131167
36.1959220131167
36.1959220131167
36.1959220131167
36.1959220131167
36.1959220131167
36.1959220131167
39.21531310708957
39.21842822823552
39.219497195383
39.21461648291832
39.20565356639845
39.20895912986844
39.20447178537633
38.18129604785312
38.18874524788924
39.21113258801971
39.20988641007874
38.19835845241174
30.149743868769484
38.18546969526133
29.798999076212386
38.20187912311499
38.20549356137026
38.21128825854068
38.21177530456124
37.20188576791453
34.18830764944909
20.5703351543667
-8.11507125521985
37.20152104983371
36.21413515557876
37.21611810752958
37.20623712024502
37.207525527840446
37.20134002191081
36.20819263941313
37.20534151181291
36.207858963219564
36.2040232151638
37.19809875639485
37.20622196192372
36.20735730579977
37.20461917538452
38.19775395910265
38.200844848263586
38.190248122665466
37.184024285738644
38.19277378054778
38.19470101585459
38.18993853574476
39.20068195889275
38.19108713590225
38.19431179606184
39.19593596808145
37.187095187157254
38.183844800064975
37.19602560941283
36.18731537463733
36.185678055180276
37.19328766708398
37.18471819087928
37.02524033700891
37.188291635055016
38.19429402770987
37.19642800960502
38.2135675008309
38.21697760786272
37.191426787713084
37.19061137585953
36.19066441148419
37.197009017849254
35.1986319457316
38.20000591019829
38.19967387760359
38.193714485913105
36.18745839662798
35.19463100119722
33.197644688000956
36.188568095453334
35.198024613346675
36.19761852321141
37.199397412694296
37.1950739312464
38.19354152853667
37.187867027236926
36.19047867746016
37.18918521808717
37.19642435095096
36.18946233956383
36.18350316071831
35.35304855273171
35.20216078955258
39.19321090322283
39.19133952681301
39.186672410001314
39.18965057773467
38.18657068147667
30.96322626495723
0.16809287725367422
33.797563828187954
35.194266749436515
35.00574879782019
36.183484780250424
27.688561975006365
38.21561926178485
38.21125421941916
38.20597730749488
38.20597730749488
38.20597730749488
38.20597730749488
38.20597730749488
38.20597730749488
38.20597730749488
38.20597730749488
38.20597730749488
38.20597730749488
38.20597730749488
38.20597730749488
38.20597730749488
38.20597730749488
38.20597730749488
38.20597730749488
38.20597730749488
38.20597730749488
38.20597730749488
38.20597730749488
38.20597730749488
38.20597730749488
38.20597730749488
38.20597730749488
38.20597730749488
38.20597730749488
38.20597730749488
38.20597730749488
38.20597730749488
38.20597730749488
38.20597730749488
38.20597730749488
38.20597730749488
38.20597730749488
38.20597730749488
38.20597730749488
38.20597730749488
38.20597730749488
38.20597730749488
38.20597730749488
38.20597730749488
38.20597730749488
38.20597730749488
38.20597730749488
38.20597730749488
38.20597730749488
38.20597730749488
38.20597730749488
38.20597730749488
38.20597730749488
38.20597730749488
38.20597730749488
38.20597730749488
38.20597730749488
38.20597730749488
38.20597730749488
38.20597730749488
38.20597730749488
38.20597730749488
38.20597730749488
38.20597730749488
38.20597730749488
38.20597730749488
38.20597730749488
38.20597730749488
38.20597730749488
38.20597730749488
38.20597730749488
38.20597730749488
38.20597730749488
38.20597730749488
38.20597730749488
38.20597730749488
38.20597730749488
38.20597730749488
38.20597730749488
38.20597730749488
38.20597730749488
38.20597730749488
38.20597730749488
38.20597730749488
38.20597730749488
38.20597730749488
38.20597730749488
38.20597730749488
38.20597730749488
38.20597730749488
38.20597730749488
38.20597730749488
38.20597730749488
38.20597730749488
38.20597730749488
38.20597730749488
38.20597730749488
38.20597730749488
38.20597730749488
38.20597730749488
38.20597730749488
38.20597730749488
38.20597730749488
38.21611522715482
38.214559918940395
38.214948389167816
38.20740435070381
38.197543869739995
37.194501410817935
39.20966047971602
39.21233881023053
37.214160487366804
38.20967362948123
38.21253669357384
39.210767480943375
39.20807081930291
38.217382215839315
38.21001527436764
38.204934863584526
37.20085248497879
37.19896288940153
37.19653524653559
37.20131943855051
37.19680250022747
37.19428268341479
28.587766722341605
37.19242569968724
26.99177973889461
36.79967189302659
32.191666722439905
31.215251448975764
32.20731383613635
37.189071518967665
38.183905258194336
32.99354254229072
37.18964393222678
38.18936766842558
38.18640894712501
36.18762462856627
38.196126247689136
38.20939887054796
38.19602939477437
38.202355214612005
37.20127557536122
38.200830965955774
37.198882746506335
37.19224315394016
37.19381163952776
36.19490958963999
35.19425840029778
35.18966777984886
36.21296012851174
38.210259278507486
37.200836620547804
35.1931895292649
36.19128472931468
35.21218047898181
36.209038694867985
34.20903349022939
33.19734887661667
27.197215835265006
32.195543276643775
31.20403203324401
27.197082245041557
35.1888660896312
35.20148955669499
36.20077915185517
36.190094714923475
31.212889188176476
35.19972760711256
35.19557123621708
30.191333589127
29.19926953647042
25.21433355685383
19.19394123456487
22.198172874705133
27.210576344699625
29.20752430947142
25.198870444164445
-22.80564955741611
21.192946804872555
26.194981526825416
27.211095623877657
26.21095625645118
33.186982131600786
37.19183627594807
35.38889194808832
39.20698245319323
39.2004400534767
39.21090726791285
39.215803540292065
39.20663241600351
39.19299039897238
39.194714006519064
39.19753617597473
38.193050671116374
38.190586084819735
38.1873802114565
38.18501386898838
38.18546306524822
39.21262192090957
36.213337896820505
37.216380013655844
38.20488744515438
38.20488744515438
38.20488744515438
38.20488744515438
38.20488744515438
38.20488744515438
38.20488744515438
38.20488744515438
38.20488744515438
38.20488744515438
38.20488744515438
38.20488744515438
38.20488744515438
38.20488744515438
38.20488744515438
38.20488744515438
38.20488744515438
38.20488744515438
38.20488744515438
38.20488744515438
38.20488744515438
38.20488744515438
38.20488744515438
38.20488744515438
38.20488744515438
38.20488744515438
38.20488744515438
38.20488744515438
38.20488744515438
38.20488744515438
38.20488744515438
38.20488744515438
38.20488744515438
38.20488744515438
38.20488744515438
38.20488744515438
38.20488744515438
38.20488744515438
38.20488744515438
38.20488744515438
38.20488744515438
38.20488744515438
38.20488744515438
38.20488744515438
38.20488744515438
38.20488744515438
38.20488744515438
38.20488744515438
38.20488744515438
38.20488744515438
38.20488744515438
38.20488744515438
38.20488744515438
38.20488744515438
38.20488744515438
38.20488744515438
38.20488744515438
38.20488744515438
38.20488744515438
38.20488744515438
38.20488744515438
38.20488744515438
38.20488744515438
38.20488744515438
38.20488744515438
38.20488744515438
38.20488744515438
38.20488744515438
38.20488744515438
38.20488744515438
38.20488744515438
38.20488744515438
38.20488744515438
38.20488744515438
38.20488744515438
38.20488744515438
38.20488744515438
38.20488744515438
38.20488744515438
38.20488744515438
38.20488744515438
38.20488744515438
38.20488744515438
38.20488744515438
38.20488744515438
38.20488744515438
38.20488744515438
38.20488744515438
38.20488744515438
38.20488744515438
38.20488744515438
38.20488744515438
38.20488744515438
38.20488744515438
38.20488744515438
38.20488744515438
38.20488744515438
38.20488744515438
38.20488744515438
38.20488744515438
38.211571346312326
38.20840513105567
38.19644056137801
38.20741307057277
36.20156898696102
37.20024685873292
38.21002787881055
39.21137947217149
39.20645729362924
39.2041967087515
39.20963321867704
39.20982078486851
39.204057103197485
39.201859832235456
39.199331734373956
39.20081785661176
39.1959523758691
39.196013460536506
39.19469702977879
39.19950497699887
39.19967064976048
39.20427066245702
39.19993958598364
39.1961775533151
38.195783581109005
38.19482805270309
37.193296369679786
20.98692437557811
39.20819941351821
39.20921236210316
39.21189154159351
38.198672023966175
35.59013890651216
39.20498977205552
39.202417403640965
38.20256718336791
38.19925809048077
39.19820084839275
39.20020326826821
38.18917806959708
37.183086129437456
38.18932005649176
37.181626875582964
37.01254267793255
38.18578405996057
38.19459270158382
37.195910816730404
37.181659433643716
29.195764804736854
36.195361182959104
37.184250495184486
36.596553928074144
37.197688766977805
37.18910538531913
36.79052839998003
35.40017059709556
37.181537208902085
17.96922469743842
38.18982612242176
38.190030588926646
38.18415802643317
38.18935737210217
37.00570571948079
39.202445606133246
37.18636641415952
38.182741680258694
38.19056476335588
38.20109858576585
38.20096616302851
38.19645686994021
28.598128289669674
25.19951355193082
22.206213861764315
37.192664540594905
37.19210346997714
37.19465245863826
29.193741925778163
35.18562157010861
28.194598063237656
32.18316391913836
35.19133869884342
35.18841960652082
34.19203457911161
34.20997721635431
36.20774034691474
38.208257556892946
36.216855552900235
36.199430180026724
38.21283739859983
39.20978207823636
39.20987378923401
38.20279872899037
38.1960924260437
38.204226383173285
37.19554604675746
38.191586706952336
38.19635015094585
38.20897966195691
39.208954400274884
38.19552582199605
39.20545588689514
39.20545588689514
39.20545588689514
39.20545588689514
39.20545588689514
39.20545588689514
39.20545588689514
39.20545588689514
39.20545588689514
39.20545588689514
39.20545588689514
39.20545588689514
39.20545588689514
39.20545588689514
39.20545588689514
39.20545588689514
39.20545588689514
39.20545588689514
39.20545588689514
39.20545588689514
39.20545588689514
39.20545588689514
39.20545588689514
39.20545588689514
39.20545588689514
39.20545588689514
39.20545588689514
39.20545588689514
39.20545588689514
39.20545588689514
39.20545588689514
39.20545588689514
39.20545588689514
39.20545588689514
39.20545588689514
39.20545588689514
39.20545588689514
39.20545588689514
39.20545588689514
39.20545588689514
39.20545588689514
39.20545588689514
39.20545588689514
39.20545588689514
39.20545588689514
39.20545588689514
39.20545588689514
39.20545588689514
39.20545588689514
39.20545588689514
39.20545588689514
39.20545588689514
39.20545588689514
39.20545588689514
39.20545588689514
39.20545588689514
39.20545588689514
39.20545588689514
39.20545588689514
39.20545588689514
39.20545588689514
39.20545588689514
39.20545588689514
39.20545588689514
39.20545588689514
39.20545588689514
39.20545588689514
39.20545588689514
39.20545588689514
39.20545588689514
39.20545588689514
39.20545588689514
39.20545588689514
39.20545588689514
39.20545588689514
39.20545588689514
39.20545588689514
39.20545588689514
39.20545588689514
39.20545588689514
39.20545588689514
39.20545588689514
39.20545588689514
39.20545588689514
39.20545588689514
39.20545588689514
39.20545588689514
39.20545588689514
39.20545588689514
39.20545588689514
39.20545588689514
39.20545588689514
39.20545588689514
39.20545588689514
39.20545588689514
39.20545588689514
39.20545588689514
39.20545588689514
39.20545588689514
39.20545588689514
38.206438967267715
38.197190754649256
39.19851159618718
38.203237321575884
39.21466272268093
38.19656006628421
39.21150343483356
39.21610115633238
39.2122917514302
39.211328161193464
39.2051503233016
39.21564989384347
39.20924789811263
39.19264139887407
39.20165189666177
39.206970924538815
39.21318674580596
38.20543558927761
35.20343712980099
32.21463840283326
33.20700009851531
32.21052618480335
33.199156121685945
32.200076830715815
32.20795964567244
31.183588602771657
31.186309068513072
-3.997598505426735
33.19086824130209
37.198541717905485
0.016944342017707614
0.0781412722148751
-0.02129989026927183
20.42036137787696
-0.08038395872005405
-0.4535672804866615
-19.215629139168243
0.1102088344891509
-9.813067538526997
-0.8146513442530027
4.184348944932344
23.199176773761252
21.19220503849369
-0.07464432856368569
30.194381498859737
33.20543513476448
33.20360298487826
31.19116370720367
30.18632662727905
26.99151041190579
19.183277999387037
-0.10751398347693276
32.20417256940857
35.20118895935127
36.20676279927885
37.20094969179064
36.21519137610291
36.22496942876667
36.211507140633074
35.19810683204214
36.204048260535686
26.98549171805545
32.18270712932288
35.20774767269074
34.196549607843366
0.004450858455350704
36.19185350701038
37.2097036984341
37.20321729834666
37.19037309447464
36.182445558910686
36.198867202819386
37.19682147791587
37.18944790166124
-0.008099595413366481
0.07241778260120771
34.20470929497502
36.197734236280155
37.20592911525806
38.20948727817399
37.2006268540418
37.21543671428622
36.199131932730836
37.202854903612675
36.19830748011018
36.206892855689105
36.19766108141436
38.197975466871334
37.19934679424648
37.206612952867275
37.20825133731239
37.20447574617057
37.20032383295291
38.202630941008195
38.20220221948438
36.2032744463102
36.197477290870395
36.19568094824064
37.19921775295414
38.19557371497098
38.18460752329875
38.18460752329875
38.18460752329875
38.18460752329875
38.18460752329875
38.18460752329875
38.18460752329875
38.18460752329875
38.18460752329875
38.18460752329875
38.18460752329875
38.18460752329875
38.18460752329875
38.18460752329875
38.18460752329875
38.18460752329875
38.18460752329875
38.18460752329875
38.18460752329875
38.18460752329875
38.18460752329875
38.18460752329875
38.18460752329875
38.18460752329875
38.18460752329875
38.18460752329875
38.18460752329875
38.18460752329875
38.18460752329875
38.18460752329875
38.18460752329875
38.18460752329875
38.18460752329875
38.18460752329875
38.18460752329875
38.18460752329875
38.18460752329875
38.18460752329875
38.18460752329875
38.18460752329875
38.18460752329875
38.18460752329875
38.18460752329875
38.18460752329875
38.18460752329875
38.18460752329875
38.18460752329875
38.18460752329875
38.18460752329875
38.18460752329875
38.18460752329875
38.18460752329875
38.18460752329875
38.18460752329875
38.18460752329875
38.18460752329875
38.18460752329875
38.18460752329875
38.18460752329875
38.18460752329875
38.18460752329875
38.18460752329875
38.18460752329875
38.18460752329875
38.18460752329875
38.18460752329875
38.18460752329875
38.18460752329875
38.18460752329875
38.18460752329875
38.18460752329875
38.18460752329875
38.18460752329875
38.18460752329875
38.18460752329875
38.18460752329875
38.18460752329875
38.18460752329875
38.18460752329875
38.18460752329875
38.18460752329875
38.18460752329875
38.18460752329875
38.18460752329875
38.18460752329875
38.18460752329875
38.18460752329875
38.18460752329875
38.18460752329875
38.18460752329875
38.18460752329875
38.18460752329875
38.18460752329875
38.18460752329875
38.18460752329875
38.18460752329875
38.18460752329875
38.18460752329875
38.18460752329875
38.18460752329875
37.20519406638859
37.20417520803529
38.191034421226405
37.18206828122811
36.18552445879651
37.194677845983705
36.20519283654854
36.19863074953598
35.196727298770476
36.19674304612647
37.201876065504614
35.18473459376487
35.20681888548321
36.20714627209185
36.202707827718534
37.19480695466143
36.1859531792409
36.19306747747509
36.18988836658162
35.20625359076801
37.19066156546053
37.189038438178756
37.19186785706353
37.18920077541931
36.192957170912116
36.18257796235088
25.1876972401894
37.18386799322746
25.197765814108443
31.788606790274315
33.58758971512299
34.186467082339725
27.146496830413085
20.755190491896368
13.812173878536914
0.0006857433132182733
34.19322746839786
36.18380611297934
7.143704998429303
36.18944844536119
38.19391699703337
38.199533231806946
38.2036345014425
38.208332016842824
38.20200779570966
38.20713816300084
38.20935408875495
38.209229940677744
39.20902572807543
39.197578962805565
39.196874988179765
39.20250386980631
39.20749964610624
39.209419013220995
39.207811108549095
39.203513218787045
38.203512174691845
38.2025754487461
39.206101966632765
39.204814220233864
38.19968188394605
39.20978137034737
39.210107114170064
39.208184337527456
39.19875327509358
39.2043007656682
39.204281713481194
39.20743741193091
39.207160889003376
39.208383597471006
39.212840240038545
39.2095840700745
39.19933175041034
39.201829410784974
39.20219310983752
39.21472529793397
39.20752274453098
39.2055379343152
39.207919259093664
39.20891534122284
39.213835979419784
39.215170409736935
39.21330032264894
39.20336213790862
38.21710667431508
39.20497334824092
38.207490895996806
38.2031901075694
38.21806064629506
38.210158481216645
38.19964984167875
38.19121791288643
38.18558053035816
39.190256589644996
38.20573623369741
38.20276492900105
38.193429083379755
38.19874263816114
38.21052156185388
38.20771030315904
39.197522750813526
39.197522750813526
39.197522750813526
39.197522750813526
39.197522750813526
39.197522750813526
39.197522750813526
39.197522750813526
39.197522750813526
39.197522750813526
39.197522750813526
39.197522750813526
39.197522750813526
39.197522750813526
39.197522750813526
39.197522750813526
39.197522750813526
39.197522750813526
39.197522750813526
39.197522750813526
39.197522750813526
39.197522750813526
39.197522750813526
39.197522750813526
39.197522750813526
39.197522750813526
39.197522750813526
39.197522750813526
39.197522750813526
39.197522750813526
39.197522750813526
39.197522750813526
39.197522750813526
39.197522750813526
39.197522750813526
39.197522750813526
39.197522750813526
39.197522750813526
39.197522750813526
39.197522750813526
39.197522750813526
39.197522750813526
39.197522750813526
39.197522750813526
39.197522750813526
39.197522750813526
39.197522750813526
39.197522750813526
39.197522750813526
39.197522750813526
39.197522750813526
39.197522750813526
39.197522750813526
39.197522750813526
39.197522750813526
39.197522750813526
39.197522750813526
39.197522750813526
39.197522750813526
39.197522750813526
39.197522750813526
39.197522750813526
39.197522750813526
39.197522750813526
39.197522750813526
39.197522750813526
39.197522750813526
39.197522750813526
39.197522750813526
39.197522750813526
39.197522750813526
39.197522750813526
39.197522750813526
39.197522750813526
39.197522750813526
39.197522750813526
39.197522750813526
39.197522750813526
39.197522750813526
39.197522750813526
39.197522750813526
39.197522750813526
39.197522750813526
39.197522750813526
39.197522750813526
39.197522750813526
39.197522750813526
39.197522750813526
39.197522750813526
39.197522750813526
39.197522750813526
39.197522750813526
39.197522750813526
39.197522750813526
39.197522750813526
39.197522750813526
39.197522750813526
39.197522750813526
39.197522750813526
39.197522750813526
38.207601466777966
38.205481247690145
38.196379978132455
38.19833812344331
38.205140284015
38.213570387808865
38.203924565556214
37.20720581591977
37.198680841795934
37.18763879400461
37.18566846175309
37.18501694202539
33.194230024886686
33.60937131554212
30.595401959261277
32.991441697328604
37.18144671862887
30.609523312429218
22.204638452619864
37.18779549409548
37.19638298930756
38.19018891105538
37.20258033109039
39.189465401142314
39.19649160403014
39.20162593418566
39.19475266488351
39.189198581414594
39.19553126663684
38.20892400943516
38.21151973748668
38.20723445493264
38.20176478030568
39.21028601135477
39.21107042065303
38.20217283759017
37.19601404934062
37.19870872675301
38.19702878025859
38.2037198917976
39.2008935567494
39.185797969428016
38.187319121067674
38.19612064320573
38.19226058656719
38.19215994179883
38.186451165633336
38.19392494061051
38.197087482492336
38.191140953335584
30.226027105285645
19.395168796016208
-0.4466963255930769
-0.7501007816382697
18.07922243410936
34.38329469698951
30.008955223504053
37.182633510238105
33.4006774351306
36.18879508876838
36.192214397484555
36.191276530053905
36.18496519737665
37.19012712094016
37.18855695486782
36.186404691410594
37.18808628457192
38.188814860822895
34.78699954677245
38.19606140459349
39.20720730908754
39.20387677868249
39.18660009803474
39.19363208735605
38.1823741321455
38.18188153280191
39.20267568972396
39.20921628320639
39.209647823468416
39.20915412064518
39.19413931225305
39.18397903360972
39.19074037948199
39.196916010845044
39.20066479407028
38.19269269234463
38.1850764898464
39.188684074856795
38.18760775497507
39.19716891953472
39.1912768207813
36.20164139031094
36.20861694488622
36.207520280681386
36.20483082467732
35.198338236012596
34.199277209668935
36.1999824743753
35.20976931349591
36.21369281827684
36.205614513123066
36.205614513123066
36.205614513123066
36.205614513123066
36.205614513123066
36.205614513123066
36.205614513123066
36.205614513123066
36.205614513123066
36.205614513123066
36.205614513123066
36.205614513123066
36.205614513123066
36.205614513123066
36.205614513123066
36.205614513123066
36.205614513123066
36.205614513123066
36.205614513123066
36.205614513123066
36.205614513123066
36.205614513123066
36.205614513123066
36.205614513123066
36.205614513123066
36.205614513123066
36.205614513123066
36.205614513123066
36.205614513123066
36.205614513123066
36.205614513123066
36.205614513123066
36.205614513123066
36.205614513123066
36.205614513123066
36.205614513123066
36.205614513123066
36.205614513123066
36.205614513123066
36.205614513123066
36.205614513123066
36.205614513123066
36.205614513123066
36.205614513123066
36.205614513123066
36.205614513123066
36.205614513123066
36.205614513123066
36.205614513123066
36.205614513123066
36.205614513123066
36.205614513123066
36.205614513123066
36.205614513123066
36.205614513123066
36.205614513123066
36.205614513123066
36.205614513123066
36.205614513123066
36.205614513123066
36.205614513123066
36.205614513123066
36.205614513123066
36.205614513123066
36.205614513123066
36.205614513123066
36.205614513123066
36.205614513123066
36.205614513123066
36.205614513123066
36.205614513123066
36.205614513123066
36.205614513123066
36.205614513123066
36.205614513123066
36.205614513123066
36.205614513123066
36.205614513123066
36.205614513123066
36.205614513123066
36.205614513123066
36.205614513123066
36.205614513123066
36.205614513123066
36.205614513123066
36.205614513123066
36.205614513123066
36.205614513123066
36.205614513123066
36.205614513123066
36.205614513123066
36.205614513123066
36.205614513123066
36.205614513123066
36.205614513123066
36.205614513123066
36.205614513123066
36.205614513123066
36.205614513123066
36.205614513123066
36.2090946947546
35.199887074456925
36.18927317706914
35.183507938922475
35.20198839335329
36.203364885709234
36.197935736095715
36.19153672865187
39.198265469121054
39.18829307904405
38.18961534031691
38.20295973257511
38.19912652057266
38.19896924586998
38.19941971111783
38.19285302403347
38.20588921192076
38.216825841076385
38.19932555660454
38.20875986244332
38.21514531025624
39.21197377509182
39.206774293096906
39.21155434207061
38.215982599635026
36.208972889092394
37.206591654580194
36.212611927580376
36.210117429250005
36.212338343481825
36.21267048685824
36.19732398329662
39.21241205365222
39.205897800704086
38.20164741005545
38.19366853504517
38.20609985372152
39.21482936405541
39.212412200831984
39.21071663440424
39.20948031920516
38.215809650866525
39.206576569209446
38.201963414507055
39.19564877007182
30.929568106902632
39.19799556178544
39.19367882122431
39.19495749124505
39.19674919950028
39.19034713151963
37.59069754766338
23.546073462905653
37.3899585726201
35.8079675571718
37.59852933924242
34.20686603864347
30.195538289635692
36.20470661456043
37.19779062148518
38.004946843561875
35.21369214756377
35.21155752302902
36.592157070272016
39.183393900357395
39.18784145808867
38.19217242153994
37.8198024467642
39.18936277208108
39.18117832802243
38.605428766123005
38.40364499126055
38.406790382263075
34.593323333453576
36.782703068448306
20.389016022281467
30.5868183811578
30.788202296785236
31.805414178697408
35.1968325541549
24.599840496261784
35.18448533324993
32.19875492747929
34.79527190796484
28.593547091632836
34.58828256048997
36.18996541975403
33.19401052074071
34.41087922318831
30.194343887257403
33.39307526656382
29.191450336235526
31.194561602382738
33.20225666174962
29.218970463605906
29.210203517779384
28.181723496947246
29.21453370136085
28.19102344325732
29.20916624240858
37.19663323225634
37.19663323225634
37.19663323225634
37.19663323225634
37.19663323225634
37.19663323225634
37.19663323225634
37.19663323225634
37.19663323225634
37.19663323225634
37.19663323225634
37.19663323225634
35.192820874053034
33.18785126691561
31.799299341656052
35.186327573582844
27.19906144516975
30.197658436027407
29.19347533954068
29.19978237723433
20.79814973788788
30.19286390119513
30.196148999190047
33.20210850205118
32.18955721316553
31.192822696253305
26.803280388332027
30.19061598710588
31.192588768544802
26.803483648662226
32.18728116613262
