-3.4702287782374612
-0.30305086514136115
-1.0730744819853038
-0.15901907026954917
-0.37442040944245975
-27.486609013235082
-19.690166348245665
-0.27750322959418944
-0.3827234411298137
-3.6359845073028905
-10.963169670460225
-1.3972113073840655
-0.2326845828924411
-35.61607976733287
-52.462397972080346
-0.24151578049487438
-30.605602862439305
-1.0022151648187978
-0.17800466398741477
-2.5614026844932223
-23.784137157649482
-11.612582242639338
-10.995721933178427
-1.9540992722851454
-0.9827568328217302
-0.13293750512422123
-5.9556644678493385
-20.18080228754891
-4.905291705064339
-15.521796666586994
-0.2543199524488871
-0.41826282902039946
-6.582300541730477
-55.39907942036369
-31.142730869945492
-0.7777714013323852
-1.2484567147168946
-2.545811952936762
-4.3027275136791845
-31.550958223215464
-46.73758200215038
-45.32578687744902
-81.66253271793812
-104.67075858519306
-112.8413840372516
-125.3953534433347
-108.67343529981305
-122.99743638884773
36.857144719964566
36.89846560016889
5.853286768708663
8.284690197401572
-6.857509030606368
-7.220838346029515
-8.348612657931948
-15.620276686818
31.983637977445845
25.71233152178238
-1.1422451320252212
-23.625603743146616
-20.819867988098345
-0.7705838041163472
-0.16443223547935576
-1.116472960145656
-6.53617586254178
-1.8208331731806116
-1.3227629662482143
-12.185059701435932
-7.167865590953696
-18.51113121458652
-73.4654349435453
-91.77230778141437
-58.418321940535805
-30.47398493458875
-15.779350958053143
-27.890571706639268
-27.4429199414568
-22.530069615232847
-19.833421457528697
-0.08882777764737217
-5.7665670970388945
-42.720060318910384
-47.729472225037576
-2.0236025642637125
-9.306568832946864
-37.35153598196215
-57.05234204919284
-36.68854320041036
-46.823986941142294
-1.3290500193052224
-18.155596835896546
-16.159083515299177
-37.763211134809765
-53.98611325471159
-1.7387627578239102
-25.871775045337348
-13.521544902375553
-22.466319156021925
-27.159517083815523
-26.39382539234607
-0.3615090554479523
-0.3615090554479523
-0.3615090554479523
-0.3615090554479523
-0.3615090554479523
-0.3615090554479523
-0.3615090554479523
-0.3615090554479523
-0.3615090554479523
-0.3615090554479523
-0.3615090554479523
-0.3615090554479523
-0.3615090554479523
-0.3615090554479523
-0.3615090554479523
-0.3615090554479523
-0.3615090554479523
-0.3615090554479523
-0.3615090554479523
-0.3615090554479523
17.832318125984713
-26.873175149135736
-13.50219159016335
-36.19060330335811
-46.36972838227958
-57.822537203887734
-61.382966834042996
-58.29006058562318
-60.611458555824
-49.89324036566658
-0.7817477468834885
-3.95083351922153
-0.7400969263702888
-0.08604835859509108
-0.4498414196099036
-1.3413746577620234
-0.643440193451774
-41.22537676603984
-36.089612323744745
-20.464722480444596
-31.985239794818703
-21.089264407289157
-59.556067792283145
-43.39709471485028
-57.73470943964186
-21.096910870009673
-10.392610161358867
-21.035570203513394
-35.21269983586336
-37.33387691253355
-8.364856876796805
31.939175189635712
-10.456889046853894
-5.846645901136529
-4.780425705550775
-4.343994078355057
-1.2033427964461978
-0.13124663561961483
-9.245621409027637
-3.828216454424995
-2.1919214246263277
-0.20633706943743607
-0.3100630004789646
-25.448042740839607
-33.31201861485097
-35.37047055026157
-18.715670718217467
-41.46550177891331
-71.90821976200179
-80.55599431452544
-73.17863133736485
-41.36810828312188
-46.06053636020609
-48.95880652828893
-19.363094943926438
-8.42461064339147
-0.5894919623094576
-3.0365955122891504
-0.6757105156415871
-0.5686682210555688
-0.43291442996390433
-0.06442742119454298
-2.1461752740785154
-2.446406196347164
-5.022420669080744
-1.5042678538669594
-0.3806970148848468
-0.1890475800537687
-11.66821326088398
-3.4297893253526217
-3.9707721404785
-0.48284528884334327
-9.031808842171584
-22.706455539613867
-38.17721032962015
-23.642991947894185
-8.002231602193886
-7.703478244494168
-2.34402644909043
-9.061448903181098
-7.040103421899627
-6.1403904638539775
-3.15725504662703
-0.18515819835979538
-10.485942203017945
-3.38773801752454
-0.7158353656733113
-0.12290210040759139
-2.0475811245692856
-2.701656306582377
-1.2598729293058721
-10.816503549410962
-3.040454303495506
-0.11936409010629256
-0.6814406268633354
-1.380958872597292
-35.02825973027187
-20.61243870989742
-18.089292352538102
-44.688946749643634
-0.3615090554479523
-0.3615090554479523
-0.3615090554479523
-0.3615090554479523
-0.3615090554479523
-0.3615090554479523
-0.3615090554479523
-0.3615090554479523
-0.3615090554479523
-0.3615090554479523
-0.3615090554479523
-0.3615090554479523
-0.3615090554479523
-0.3615090554479523
-0.3615090554479523
-0.3615090554479523
-0.3615090554479523
-0.3615090554479523
-0.3615090554479523
-0.3615090554479523
-42.35764065176357
-30.26610767381744
-56.93397563461298
-78.03425009593087
23.244158287503513
-35.31082304765808
-25.037343543386577
-21.072213195555715
-17.474929435719332
-6.490335475685041
-28.816704681764737
-48.34012367318037
-26.381639646503064
-1.076212121845281
-5.602774932338484
-20.151594668516818
-42.17208682633035
-19.560580548689344
-40.866848999000766
27.597265257742684
-107.92937270585067
-111.83597609887009
-87.96798774544342
-102.60476649501422
-82.76499325443096
-45.624764462266164
-40.963197214699896
-34.0317469150149
-66.48166054284141
-33.59677525526915
-11.106630330293555
-7.789910006882249
-42.990778310273775
-40.205848780157986
-49.891014779995906
-44.741089811939446
-82.85741344642705
-67.21785948557739
-33.109024850766005
-39.28261791615221
-8.46420124923212
-23.22301018864017
-1.2547090347167018
-14.811179957665455
-16.270369362585836
-12.740053107684824
-19.57820473729262
-27.378762905245054
-51.9128034046248
-23.425352935928863
-3.626946834526865
-6.644019149621105
-2.8109875824550863
-2.0020745244409865
-0.8939912105214873
-0.9826003921104529
-1.3525440553621682
-21.605469430335624
-13.821742361022341
-0.09853943306292372
-0.27415785724037633
-1.6200533681656333
-0.3732364578852059
-1.0331364143828192
-1.9609100080720427
-0.28320235303933267
-0.4949823889688956
-0.5440979495466838
-27.729824009373583
-47.70393302801455
-55.43437138158702
-29.660406973487813
-3.5792469905240036
-50.74930256514384
-4.463247588874558
-28.415878709310462
-0.8008952698734456
-0.4187373798107791
-2.598801830673453
-0.06513220340000486
-2.7516786514015554
-2.705792700101875
-0.9262701322242124
-0.07147582201922617
-4.546235633161752
-12.196893403535245
-4.440388587480166
-2.082425825420096
-3.8767921564277277
-15.423162973480377
-33.72688650898633
-5.626485870376067
-44.10345436999547
-23.640689370420972
-18.815658993040923
-11.012200067849164
-2.7575238093396943
-8.37916182950191
-44.97476818674594
-48.177549380447516
-0.3615090554479523
-0.3615090554479523
-0.3615090554479523
-0.3615090554479523
-0.3615090554479523
-0.3615090554479523
-0.3615090554479523
-0.3615090554479523
-0.3615090554479523
-0.3615090554479523
-0.3615090554479523
-0.3615090554479523
-0.3615090554479523
-0.3615090554479523
-0.3615090554479523
-0.3615090554479523
-0.3615090554479523
-0.3615090554479523
-0.3615090554479523
-0.3615090554479523
-0.987296665414442
-10.96721272249395
-29.39758455307313
-3.4963631088116096
-1.6134947894269627
-2.6190867176610424
-0.9843200634993976
-37.360910186346004
-50.484849759089336
-27.473549219758524
36.836645332283425
-41.75759806358983
-43.013176813857974
-40.21918566979064
-47.70350705634399
36.802584306766605
36.89553145110336
35.86352901343301
35.84256569596768
36.87914176200962
36.85060327802266
36.87810598452146
35.014046661688226
36.943605222805104
35.779626973867146
1.8203929234105338
-4.158359314324442
-13.821557931401875
7.090845377467213
13.352311806101122
-10.61399717729296
11.424936655852376
-43.70013891881491
-2.0158353062272374
-15.178578768374642
-21.849689247086847
16.052284166779373
-21.939406572370014
-9.609706545310397
-13.818014127131669
-27.180299795278312
-21.709361795160696
-25.139053243423696
-26.594355495918418
-33.05876754297254
-1.2223809625820181
-61.87477579516815
16.167896708047085
-9.434536855473137
-15.268033045943152
-11.341378294761444
-57.46476366650531
-4.130123538333024
36.919312298320925
36.90902607303855
22.36129493503161
-14.617244926329885
33.379714011617246
-9.196059857266675
37.86062150576938
36.91626556516226
23.312734051769464
-6.68761047511293
-10.237398289121094
-18.291579264081353
-3.1990019647514187
-10.668588837396255
-16.645228497888787
-15.043983431914796
-11.630532679171493
-2.971677441101955
-0.28486401007755346
-22.230802506499863
-50.058796470934446
-22.782478189273444
-29.773888405671837
-24.75914424587454
-0.515647906906886
28.677588047043983
27.53145850622792
29.696254476929965
30.137739491908032
26.92691345008037
24.62970183339417
-12.944136767805363
-4.974749377685867
9.120490916178957
37.65593043626472
37.720375126381015
38.85487963486302
38.892130474762716
37.9589970541638
21.699055169726854
37.81674937176211
36.897183563897165
35.83925158674007
-11.174890951485624
-44.18198369122774
-37.38643285813271
-51.93736681729827
37.57681311796775
37.57681311796775
37.57681311796775
37.57681311796775
37.57681311796775
37.57681311796775
37.57681311796775
37.57681311796775
37.57681311796775
37.57681311796775
37.57681311796775
37.57681311796775
37.57681311796775
37.57681311796775
37.57681311796775
37.57681311796775
37.57681311796775
37.57681311796775
37.57681311796775
37.57681311796775
37.57681311796775
37.57681311796775
37.57681311796775
37.57681311796775
37.57681311796775
37.57681311796775
37.57681311796775
37.57681311796775
37.57681311796775
37.57681311796775
37.57681311796775
37.57681311796775
37.57681311796775
37.57681311796775
37.57681311796775
37.57681311796775
37.57681311796775
37.57681311796775
37.57681311796775
37.57681311796775
37.57681311796775
37.57681311796775
37.57681311796775
37.57681311796775
37.57681311796775
37.57681311796775
37.57681311796775
37.57681311796775
37.57681311796775
37.57681311796775
37.57681311796775
37.57681311796775
37.57681311796775
37.57681311796775
37.57681311796775
37.57681311796775
37.57681311796775
37.57681311796775
37.57681311796775
37.57681311796775
37.57681311796775
37.57681311796775
37.57681311796775
37.57681311796775
37.57681311796775
37.57681311796775
37.57681311796775
37.57681311796775
37.57681311796775
37.57681311796775
37.57681311796775
37.57681311796775
37.57681311796775
37.57681311796775
37.57681311796775
37.57681311796775
37.57681311796775
37.57681311796775
37.57681311796775
37.57681311796775
37.57681311796775
37.57681311796775
37.57681311796775
37.57681311796775
37.57681311796775
37.57681311796775
37.57681311796775
37.57681311796775
37.57681311796775
37.57681311796775
37.57681311796775
37.57681311796775
37.57681311796775
37.57681311796775
37.57681311796775
37.57681311796775
37.57681311796775
37.57681311796775
37.57681311796775
37.57681311796775
-45.37709772103056
-30.437552630696242
-9.099848152108299
-16.1831422724091
-7.742552668923091
35.906965201851186
35.89498349258947
35.67264006899169
35.6669868262128
35.795260113625055
36.769302189761795
35.66767293738282
32.267623184049754
36.655641329219335
35.66518174600495
37.922406453863616
37.89993288421881
37.69943584568321
33.97428409548326
-7.91923903680768
9.855225392625517
-8.957919578250157
-15.95067286328617
1.7846828185730335
-17.073179673012387
37.737372975858875
37.648519347500766
37.601944444452435
37.67990250145589
35.50741683297066
35.54063328818968
36.53707245747189
36.52853730204287
36.54465593700485
29.2626468305227
-28.066012765073683
-29.399013021907816
-48.52556433441566
-25.16482691413751
5.298744293969791
36.832075496790324
33.68673565361284
35.707422939040455
37.8346845066691
38.849719464777706
38.80019181860139
-9.850730974876315
37.619863042580505
35.51955307268951
31.34437483632219
37.65475793125323
37.114055013886265
38.81439807318709
31.064982377885734
34.280308249223395
33.26009965537821
9.603683307244372
35.70877257005529
36.83165657780018
32.67281236074184
-4.272519983263388
32.327570485584154
34.4512997067454
30.39686147178555
37.71298918727695
36.918203448103974
36.911376058936625
36.83139649091162
36.800807681500885
-3.951370004663254
-2.042864293175314
31.51411097684087
35.55087023723436
37.76207659796361
37.69146338221799
35.38873480879324
32.25704546453702
20.892079591681007
-4.64873677035704
21.782103868665953
28.56496955208027
27.761162738405105
29.178458638265656
19.178298065444537
24.03107093474944
33.601458925779916
35.07067065416948
34.48351341924597
29.456669065669242
36.802584923711116
38.819910225971704
38.83441569396944
38.79076337361251
37.722415013564245
-4.292304018068786
36.99646269714144
38.985086727244784
37.91717797146907
-7.038014813427426
-7.636515451628673
36.55168600477944
36.55168600477944
36.55168600477944
36.55168600477944
36.55168600477944
36.55168600477944
36.55168600477944
36.55168600477944
36.55168600477944
36.55168600477944
36.55168600477944
36.55168600477944
36.55168600477944
36.55168600477944
36.55168600477944
36.55168600477944
36.55168600477944
36.55168600477944
36.55168600477944
36.55168600477944
36.55168600477944
36.55168600477944
36.55168600477944
36.55168600477944
36.55168600477944
36.55168600477944
36.55168600477944
36.55168600477944
36.55168600477944
36.55168600477944
36.55168600477944
36.55168600477944
36.55168600477944
36.55168600477944
36.55168600477944
36.55168600477944
36.55168600477944
36.55168600477944
36.55168600477944
36.55168600477944
36.55168600477944
36.55168600477944
36.55168600477944
36.55168600477944
36.55168600477944
36.55168600477944
36.55168600477944
36.55168600477944
36.55168600477944
36.55168600477944
36.55168600477944
36.55168600477944
36.55168600477944
36.55168600477944
36.55168600477944
36.55168600477944
36.55168600477944
36.55168600477944
36.55168600477944
36.55168600477944
36.55168600477944
36.55168600477944
36.55168600477944
36.55168600477944
36.55168600477944
36.55168600477944
36.55168600477944
36.55168600477944
36.55168600477944
36.55168600477944
36.55168600477944
36.55168600477944
36.55168600477944
36.55168600477944
36.55168600477944
36.55168600477944
36.55168600477944
36.55168600477944
36.55168600477944
36.55168600477944
36.55168600477944
36.55168600477944
36.55168600477944
36.55168600477944
36.55168600477944
36.55168600477944
36.55168600477944
36.55168600477944
36.55168600477944
36.55168600477944
36.55168600477944
36.55168600477944
36.55168600477944
36.55168600477944
36.55168600477944
36.55168600477944
36.55168600477944
36.55168600477944
36.55168600477944
36.55168600477944
20.578575637471324
-3.977541905927184
-6.1759920187714075
-6.9531148641049665
-5.837704618892079
-6.925866836601942
-5.998439905594776
-2.604434709551523
-4.363484711104243
11.839416314510526
23.713020360916197
-6.154759137906131
34.95506215940774
32.301269948964354
31.397792118454404
38.77168924733457
38.72583367283819
30.029328446727924
32.39158370806596
37.70953063462081
-4.62853340571535
38.71265914803469
38.8323972694199
37.65504612438886
-4.300210929882014
12.905472087431509
28.318196491601192
20.880521140126138
0.258828634505349
25.386423390310476
25.01994032079343
-37.919108101108215
-37.91777190837186
-35.890992452843406
-36.69546897298848
-38.516324168663296
-35.99087878124881
-27.645778551406085
-15.742757613042345
-41.175361808181
11.455252976601638
11.431976597708594
21.927568034753193
20.621377792533803
33.16707772176048
27.069427574742555
26.54407553027337
35.73100277858361
24.915256301156116
22.158695023057263
23.467933344377347
-15.002538843004295
30.19118470508735
29.107864497457143
32.721086798990115
25.194109683721088
-10.878967291519823
-7.415623558896462
-15.921874310758458
-26.026253339112685
-52.760328201392994
-55.08277913984813
-56.793561163084384
-57.63258810067767
1.3965801616963769
-34.28063860657464
-40.72080329010894
-32.33475792227121
-17.82043060826023
-4.625440469111108
-4.311694355572172
30.753810125210208
30.516130101405086
31.684925416826584
32.95237832880991
34.29065977534496
32.136204379405726
-16.929906069602357
-4.636136666666037
37.693803814325065
36.60491849854826
37.615334908129086
36.448850528747535
26.571564212807697
-2.220234333465501
-23.560515912028304
-6.754593640409134
-12.510440714323597
-27.32594368429443
-4.565479874139371
-3.40642749354776
0.11386177988646817
38.83658892966873
38.82939836132516
38.74145839542266
38.77280534529937
38.765109754578084
38.70212925643719
38.74858362823594
38.72784708557311
38.81616046461401
38.81616046461401
38.81616046461401
38.81616046461401
38.81616046461401
38.81616046461401
38.81616046461401
38.81616046461401
38.81616046461401
38.81616046461401
38.81616046461401
38.81616046461401
38.81616046461401
38.81616046461401
38.81616046461401
38.81616046461401
38.81616046461401
38.81616046461401
38.81616046461401
38.81616046461401
38.81616046461401
38.81616046461401
38.81616046461401
38.81616046461401
38.81616046461401
38.81616046461401
38.81616046461401
38.81616046461401
38.81616046461401
38.81616046461401
38.81616046461401
38.81616046461401
38.81616046461401
38.81616046461401
38.81616046461401
38.81616046461401
38.81616046461401
38.81616046461401
38.81616046461401
38.81616046461401
38.81616046461401
38.81616046461401
38.81616046461401
38.81616046461401
38.81616046461401
38.81616046461401
38.81616046461401
38.81616046461401
38.81616046461401
38.81616046461401
38.81616046461401
38.81616046461401
38.81616046461401
38.81616046461401
38.81616046461401
38.81616046461401
38.81616046461401
38.81616046461401
38.81616046461401
38.81616046461401
38.81616046461401
38.81616046461401
38.81616046461401
38.81616046461401
38.81616046461401
38.81616046461401
38.81616046461401
38.81616046461401
38.81616046461401
38.81616046461401
38.81616046461401
38.81616046461401
38.81616046461401
38.81616046461401
38.81616046461401
38.81616046461401
38.81616046461401
38.81616046461401
38.81616046461401
38.81616046461401
38.81616046461401
38.81616046461401
38.81616046461401
38.81616046461401
38.81616046461401
38.81616046461401
38.81616046461401
38.81616046461401
38.81616046461401
38.81616046461401
38.81616046461401
38.81616046461401
38.81616046461401
38.81616046461401
38.81616046461401
38.81616046461401
38.81616046461401
38.81616046461401
38.81616046461401
38.81616046461401
38.76902898898751
33.03903712927369
32.81788549797481
32.544203281068214
16.814438098633257
-2.906280167425083
-1.9915895507975978
4.7829525158190815
3.590099989405297
19.00140730790199
36.52705288980435
16.645714301923316
32.33373233891271
37.70597763509912
38.698058747410336
37.60471199500369
37.572290723521725
37.653790560787456
38.761394602546446
38.69624768647472
38.7316196318379
38.7727200128552
38.8126072865644
37.7837572736233
37.81737594034669
38.86526046957686
38.80327519368769
38.77409464143462
37.564256082569415
31.927831934576208
36.37253454985806
37.651439898793434
38.76609751097651
38.81291190099797
38.80866100962834
38.86264670738485
38.883546348796706
38.84220381635056
38.84312094566886
38.77007926316405
38.76575330807436
36.63226535188913
37.64674369997971
37.61089049851099
36.420698121656336
36.49021985638696
37.653431596583175
33.344433999110215
28.013011674711503
-10.538071511024102
-27.91202624129872
-64.98341620039486
-57.135263516293314
-6.848724441140729
37.6934667984485
37.664209933902654
36.613887440773325
38.744263797328344
37.663662149169625
37.70042008734296
37.59321843366611
35.31265592137931
35.2805962433834
27.20544421155096
29.227871214978972
27.302929751230337
27.503344430662672
37.57348442149267
35.39546855612902
37.59444583705879
38.81068519231853
36.79390496165154
37.837574183417594
37.79213400095556
37.72813387348216
37.687319689400844
37.72381532372564
36.67485831195481
36.65467483451289
-19.19924826677411
-18.562926459962167
-17.536143872789324
-6.671167390167358
-5.212606797507257
-10.702059494061094
-8.53842073752391
25.00034523126793
31.93349118100853
35.54226226506768
35.7195741020892
35.61100555345405
34.61021618230142
34.48442566756743
35.66759657891568
36.71617754700381
37.83840416055256
37.779637227856405
37.6988835923767
37.824771559751625
37.77869569259983
37.76593124740058
37.76593124740058
37.76593124740058
37.76593124740058
37.76593124740058
37.76593124740058
37.76593124740058
37.76593124740058
37.76593124740058
37.76593124740058
37.76593124740058
37.76593124740058
37.76593124740058
37.76593124740058
37.76593124740058
37.76593124740058
37.76593124740058
37.76593124740058
37.76593124740058
37.76593124740058
37.76593124740058
37.76593124740058
37.76593124740058
37.76593124740058
37.76593124740058
37.76593124740058
37.76593124740058
37.76593124740058
37.76593124740058
37.76593124740058
37.76593124740058
37.76593124740058
37.76593124740058
37.76593124740058
37.76593124740058
37.76593124740058
37.76593124740058
37.76593124740058
37.76593124740058
37.76593124740058
37.76593124740058
37.76593124740058
37.76593124740058
37.76593124740058
37.76593124740058
37.76593124740058
37.76593124740058
37.76593124740058
37.76593124740058
37.76593124740058
37.76593124740058
37.76593124740058
37.76593124740058
37.76593124740058
37.76593124740058
37.76593124740058
37.76593124740058
37.76593124740058
37.76593124740058
37.76593124740058
37.76593124740058
37.76593124740058
37.76593124740058
37.76593124740058
37.76593124740058
37.76593124740058
37.76593124740058
37.76593124740058
37.76593124740058
37.76593124740058
37.76593124740058
37.76593124740058
37.76593124740058
37.76593124740058
37.76593124740058
37.76593124740058
37.76593124740058
37.76593124740058
37.76593124740058
37.76593124740058
37.76593124740058
37.76593124740058
37.76593124740058
37.76593124740058
37.76593124740058
37.76593124740058
37.76593124740058
37.76593124740058
37.76593124740058
37.76593124740058
37.76593124740058
37.76593124740058
37.76593124740058
37.76593124740058
37.76593124740058
37.76593124740058
37.76593124740058
37.76593124740058
37.76593124740058
37.76593124740058
37.8824970682039
38.88434045895327
38.90021177478349
38.86154940909919
38.84777203280112
38.88943663260089
38.91083307494229
38.83852898612924
38.87419864508482
38.90566146574657
38.96184225799723
38.91809034715512
38.89854552591235
38.8392819821498
38.81889336580966
38.90289866346187
38.80654520650087
38.84874660304084
38.805270547756066
38.86037304166175
38.8547186046833
38.82085460809266
38.887633593881134
38.86444776699611
38.886136055834754
38.812213166013464
38.892885432074976
38.84853842658165
38.910721828648306
37.961829347328425
38.841782744145206
37.07910425858383
28.60404747575028
37.6147455305637
32.2521194705427
38.79886056883861
18.68655631394652
37.70153163539863
37.798974582044714
37.76935866266553
31.158920789033413
33.31118649224305
33.315721066721004
37.62291962754778
34.355969001440144
35.47261030181383
37.63638347760337
37.62130389416529
37.6060546279768
35.36517467363401
37.60501108025024
37.67168158376538
37.71799995788145
37.59419254088734
37.62342055843104
36.50070272903366
34.27855694448028
38.71180218201325
30.844526808655164
27.21803461521114
29.458065255392352
31.952208437159683
37.60573546724187
37.60580878621714
38.822213164863975
38.776049119505714
38.758887252378194
33.14570140441149
38.77098334246123
38.80294847996131
37.60632275938696
37.607683338984494
38.836882667723586
38.83205885469823
38.785219464924374
38.7150024725898
37.6123324346607
38.731740501420745
37.76460292033563
32.07263203154782
32.0537466356654
27.780960713344616
36.501097070065484
36.59697977797771
36.72179493852514
36.65305035812922
37.683360633032095
37.64574573731358
36.71472981948575
37.65882604316081
37.6383496388285
36.665494155134226
36.71170814905907
35.70490914181257
20.057381268100613
35.824005516097614
36.67335334109799
34.6880210481746
31.57775007929152
30.616050689992015
37.885754316727
37.885754316727
37.885754316727
37.885754316727
37.885754316727
37.885754316727
37.885754316727
37.885754316727
37.885754316727
37.885754316727
37.885754316727
37.885754316727
37.885754316727
37.885754316727
37.885754316727
37.885754316727
37.885754316727
37.885754316727
37.885754316727
37.885754316727
37.885754316727
37.885754316727
37.885754316727
37.885754316727
37.885754316727
37.885754316727
37.885754316727
37.885754316727
37.885754316727
37.885754316727
37.885754316727
37.885754316727
37.885754316727
37.885754316727
37.885754316727
37.885754316727
37.885754316727
37.885754316727
37.885754316727
37.885754316727
37.885754316727
37.885754316727
37.885754316727
37.885754316727
37.885754316727
37.885754316727
37.885754316727
37.885754316727
37.885754316727
37.885754316727
37.885754316727
37.885754316727
37.885754316727
37.885754316727
37.885754316727
37.885754316727
37.885754316727
37.885754316727
37.885754316727
37.885754316727
37.885754316727
37.885754316727
37.885754316727
37.885754316727
37.885754316727
37.885754316727
37.885754316727
37.885754316727
37.885754316727
37.885754316727
37.885754316727
37.885754316727
37.885754316727
37.885754316727
37.885754316727
37.885754316727
37.885754316727
37.885754316727
37.885754316727
37.885754316727
37.885754316727
37.885754316727
37.885754316727
37.885754316727
37.885754316727
37.885754316727
37.885754316727
37.885754316727
37.885754316727
37.885754316727
37.885754316727
37.885754316727
37.885754316727
37.885754316727
37.885754316727
37.885754316727
37.885754316727
37.885754316727
37.885754316727
37.885754316727
29.787287821492477
36.86435132879207
34.77187259731174
36.66599774811855
36.75597599919922
22.015392184348123
31.57019534160584
33.63364541151684
32.55808116404944
32.441053136171405
34.56726701160298
35.56540126022815
34.63995315277001
35.68157171014929
34.62220101345041
36.682438541271395
37.693774018642735
37.665715266427355
36.83881081622258
36.7237100193117
37.78826222287981
37.75302185669715
35.48595365424265
35.385747163139165
37.66405494272088
37.657416702136054
37.657740356552715
35.4957872805351
31.076178714691654
12.459684186925152
37.764267229286496
19.688997263384575
-1.7600635185644442
-2.8180695055169016
18.206762869214934
34.787170842939595
36.770352725304264
37.822450154312264
36.79150050254134
36.73276325502427
34.642405405134014
-15.806289812393956
37.74747227706244
36.77363415742945
36.7889372727919
34.69959766296394
-2.4627990886044833
34.79305154291702
32.84471796215127
36.76297131425372
34.72383426460698
34.730213568742414
34.719891689865776
32.725701468555286
35.746482447736355
36.67806223473284
36.77479545405059
36.774525285030805
36.83853427717635
36.79672262071062
37.78209495439408
37.817858806148685
37.8255003750898
36.70475126127259
37.671089400448494
37.67437416947352
36.565664646760595
36.70869940199454
36.754403433724185
36.7880614575871
37.67079330523715
36.773692640336854
37.78631908580343
37.73256365223985
37.69065444217374
37.65437910686939
37.727073071599676
38.83134298932513
38.77349973941301
38.73403775143471
38.73932783274744
37.66816388519729
37.6545435739654
37.68605442874795
37.7997618024886
36.68631666761987
36.69322529854379
36.6768198722361
36.7061694512818
37.79620082619269
37.72107018615463
37.79181757366597
38.80513359727464
38.80585246859366
38.7346273588984
37.71415820108938
37.63876697963941
37.63225029625273
31.047278579513417
38.79247523818022
37.80678853006868
37.80678853006868
37.80678853006868
37.80678853006868
37.80678853006868
37.80678853006868
37.80678853006868
37.80678853006868
37.80678853006868
37.80678853006868
37.80678853006868
37.80678853006868
37.80678853006868
37.80678853006868
37.80678853006868
37.80678853006868
37.80678853006868
37.80678853006868
37.80678853006868
37.80678853006868
37.80678853006868
37.80678853006868
37.80678853006868
37.80678853006868
37.80678853006868
37.80678853006868
37.80678853006868
37.80678853006868
37.80678853006868
37.80678853006868
37.80678853006868
37.80678853006868
37.80678853006868
37.80678853006868
37.80678853006868
37.80678853006868
37.80678853006868
37.80678853006868
37.80678853006868
37.80678853006868
37.80678853006868
37.80678853006868
37.80678853006868
37.80678853006868
37.80678853006868
37.80678853006868
37.80678853006868
37.80678853006868
37.80678853006868
37.80678853006868
37.80678853006868
37.80678853006868
37.80678853006868
37.80678853006868
37.80678853006868
37.80678853006868
37.80678853006868
37.80678853006868
37.80678853006868
37.80678853006868
37.80678853006868
37.80678853006868
37.80678853006868
37.80678853006868
37.80678853006868
37.80678853006868
37.80678853006868
37.80678853006868
37.80678853006868
37.80678853006868
37.80678853006868
37.80678853006868
37.80678853006868
37.80678853006868
37.80678853006868
37.80678853006868
37.80678853006868
37.80678853006868
37.80678853006868
37.80678853006868
37.80678853006868
37.80678853006868
37.80678853006868
37.80678853006868
37.80678853006868
37.80678853006868
37.80678853006868
37.80678853006868
37.80678853006868
37.80678853006868
37.80678853006868
37.80678853006868
37.80678853006868
37.80678853006868
37.80678853006868
37.80678853006868
37.80678853006868
37.80678853006868
37.80678853006868
37.80678853006868
38.824519030142966
38.825723480799425
24.652750108977294
36.71426155875878
36.74818105351813
36.7499880087408
36.7491458281803
37.80038504032076
36.74236307275231
36.740379816250005
37.78814133854985
21.01997148147134
35.745818433355126
36.705134158600934
35.480633679953186
36.76150393741519
37.80419522237488
36.6372906392388
37.77916608522648
37.65388313330625
37.60878816614524
36.59216996167136
37.77828662837027
37.695716406993704
36.544710952589405
37.64767518424927
36.71675223570349
37.77811812000705
37.73574392362409
15.836579761238475
24.076937941870504
29.37247796054605
-1.5542249185031305
31.45745301971862
33.536031852963276
34.667321644090094
34.60646377773466
31.353242178496153
35.72709230154242
34.56951498364058
32.31342811226616
32.26382544891497
28.709838767082662
35.55082887496937
29.982028885330568
34.499925005550125
34.46136230770262
33.33256730128523
35.528973602915286
33.275577083692454
33.296053629114844
33.38205827638721
34.49399671022535
31.11625738179783
32.24801869129499
29.996063537560396
31.18985385512193
32.34418167269192
35.47367765860072
34.403037173168826
32.25579651706598
35.49162830713158
36.583713256810015
34.43470186007778
35.67229290864362
34.3868967381536
33.29038559263543
35.699330511001136
35.64317585900157
35.61418334199476
-32.06004221414446
37.51150017729725
37.73586382298523
37.82266972387665
37.855399065141924
37.82229074043708
37.89439575403178
37.784695935626004
37.69907202085316
37.886758141364545
37.856558063179776
38.95864616312819
38.92345018095364
38.931404005091274
38.86145958448785
37.948389093477864
37.93359802846967
38.86787809465107
37.815324708418906
37.81673408096169
37.89485296893038
38.94582973634817
38.97501653150977
38.86217611029062
38.86652888187361
38.89285563797901
37.945597711350956
37.83811319051998
38.806788242575756
38.865842778058386
38.85623552700889
38.85623552700889
38.85623552700889
38.85623552700889
38.85623552700889
38.85623552700889
38.85623552700889
38.85623552700889
38.85623552700889
38.85623552700889
38.85623552700889
38.85623552700889
38.85623552700889
38.85623552700889
38.85623552700889
38.85623552700889
38.85623552700889
38.85623552700889
38.85623552700889
38.85623552700889
38.85623552700889
38.85623552700889
38.85623552700889
38.85623552700889
38.85623552700889
38.85623552700889
38.85623552700889
38.85623552700889
38.85623552700889
38.85623552700889
38.85623552700889
38.85623552700889
38.85623552700889
38.85623552700889
38.85623552700889
38.85623552700889
38.85623552700889
38.85623552700889
38.85623552700889
38.85623552700889
38.85623552700889
38.85623552700889
38.85623552700889
38.85623552700889
38.85623552700889
38.85623552700889
38.85623552700889
38.85623552700889
38.85623552700889
38.85623552700889
38.85623552700889
38.85623552700889
38.85623552700889
38.85623552700889
38.85623552700889
38.85623552700889
38.85623552700889
38.85623552700889
38.85623552700889
38.85623552700889
38.85623552700889
38.85623552700889
38.85623552700889
38.85623552700889
38.85623552700889
38.85623552700889
38.85623552700889
38.85623552700889
38.85623552700889
38.85623552700889
38.85623552700889
38.85623552700889
38.85623552700889
38.85623552700889
38.85623552700889
38.85623552700889
38.85623552700889
38.85623552700889
38.85623552700889
38.85623552700889
38.85623552700889
38.85623552700889
38.85623552700889
38.85623552700889
38.85623552700889
38.85623552700889
38.85623552700889
38.85623552700889
38.85623552700889
38.85623552700889
38.85623552700889
38.85623552700889
38.85623552700889
38.85623552700889
38.85623552700889
38.85623552700889
38.85623552700889
38.85623552700889
38.85623552700889
38.85623552700889
38.86984730177202
38.831330304493584
38.73799764306036
38.81085876543291
38.863977743870265
38.86522248595326
38.80396725629189
38.81088581535269
38.868011253846035
38.99779989378927
38.943882417841635
38.88259445216897
37.9418317212293
37.8961128296734
37.90586309829756
38.89336375121026
38.888846861650876
37.7603854266486
37.73923395970244
37.7351009057543
38.84987260344686
-0.40876355102867334
37.8377203320442
37.82460376090684
37.93351026673461
37.940402043031625
37.940445982535515
37.91485984709089
37.846681700472615
37.790238485030656
37.826295899387425
38.849923150128184
37.85044140573928
38.88196806755854
37.80781850681908
37.74047060373831
37.799967289776035
37.722696633074456
37.690912477249604
38.78362738876269
36.615205636348016
36.53993702234523
34.470571653303054
-12.239373383383143
37.793985963945204
37.803373494995114
37.79665375490301
37.90674975374597
37.869715253118265
34.61344224041539
33.275601459209255
36.780786154753294
36.96701025495729
35.93580653493365
36.807456107229115
35.66435120880675
36.788842844208524
36.81062891235133
36.848087958297455
35.907547998345535
36.743103890961926
34.58890166248679
36.905097939688105
35.83558822073167
36.899372405791134
36.90726857129859
37.81623004727037
31.587489855922342
36.82371598966445
32.83793540309968
21.661815202500968
34.54596727843558
32.22089174037967
33.363623726422276
33.60848106519576
34.856529221995395
35.90066300473546
35.93675395512639
35.93522286186265
34.90514945340536
34.881216870302616
33.61328573803438
34.75413431918582
32.592082400688696
33.56433322384632
33.65355732732803
33.706803404135016
34.784484668787144
34.788779277779845
33.79961602649389
33.67856353278594
32.646889997109156
33.76518908345732
32.65295078727681
30.755491419152598
28.671264733040772
31.850506511786236
32.77308136773178
33.605259315619016
32.59678127456219
38.8750569036663
38.8750569036663
38.8750569036663
38.8750569036663
38.8750569036663
38.8750569036663
38.8750569036663
38.8750569036663
38.8750569036663
38.8750569036663
38.8750569036663
38.8750569036663
38.8750569036663
38.8750569036663
38.8750569036663
38.8750569036663
38.8750569036663
38.8750569036663
38.8750569036663
38.8750569036663
38.8750569036663
38.8750569036663
38.8750569036663
38.8750569036663
38.8750569036663
38.8750569036663
38.8750569036663
38.8750569036663
38.8750569036663
38.8750569036663
38.8750569036663
38.8750569036663
38.8750569036663
38.8750569036663
38.8750569036663
38.8750569036663
38.8750569036663
38.8750569036663
38.8750569036663
38.8750569036663
38.8750569036663
38.8750569036663
38.8750569036663
38.8750569036663
38.8750569036663
38.8750569036663
38.8750569036663
38.8750569036663
38.8750569036663
38.8750569036663
38.8750569036663
38.8750569036663
38.8750569036663
38.8750569036663
38.8750569036663
38.8750569036663
38.8750569036663
38.8750569036663
38.8750569036663
38.8750569036663
38.8750569036663
38.8750569036663
38.8750569036663
38.8750569036663
38.8750569036663
38.8750569036663
38.8750569036663
38.8750569036663
38.8750569036663
38.8750569036663
38.8750569036663
38.8750569036663
38.8750569036663
38.8750569036663
38.8750569036663
38.8750569036663
38.8750569036663
38.8750569036663
38.8750569036663
38.8750569036663
38.8750569036663
38.8750569036663
38.8750569036663
38.8750569036663
38.8750569036663
38.8750569036663
38.8750569036663
38.8750569036663
38.8750569036663
38.8750569036663
38.8750569036663
38.8750569036663
38.8750569036663
38.8750569036663
38.8750569036663
38.8750569036663
38.8750569036663
38.8750569036663
38.8750569036663
38.8750569036663
33.74161915332676
34.78831340584804
33.77726264605175
32.67358668073357
32.636994202886385
33.85944681262889
35.78432818726244
35.829763492320595
35.75684414890993
35.938780021696225
35.92673525207984
35.940986943120336
34.9362535412002
34.91443950400617
36.93660223902907
35.85376136825667
35.89739105543327
35.88389463256019
34.89042436864303
35.900749260503716
-16.081778969831415
32.8676951972776
31.85543076842034
31.705311752989854
30.660241034207424
-20.585112183676962
33.80906859914963
35.77330788977415
35.71560004885653
34.76020101368557
35.72380145635217
35.68483366402515
37.709010958887085
37.775956952253665
37.715238015047646
37.778288938695354
37.73938506998219
37.88525280621081
36.81921048529591
36.767026245310646
34.663429134723664
35.607231301607094
34.659693743201515
26.985042005096343
1.2413134570210387
22.212049917534063
28.527094600519955
17.447282797213052
9.800754744641077
-67.6337242452284
26.234497423865825
21.658516969347584
27.962013179559072
37.82450646664081
36.74914451815808
37.85677106200209
37.80549942280202
35.58052814775874
32.303343601898405
34.69219350494569
36.74216915181577
36.5448022205259
37.688317787068726
34.37993895629444
33.11776284548732
30.84533296634405
32.121136286252835
34.40799469019622
34.5291669958284
19.80290768427605
31.904243547680064
34.29052266395425
33.346980683287825
36.558471202679385
36.6625680480758
33.226196848355144
38.72622205098089
38.79984037920533
38.757023205901795
38.75977570106126
37.63968509802987
38.784982030618224
38.79087958551676
37.62700457249074
37.63546120700441
37.684154638404536
37.63611382096878
36.48937079863057
35.45869261890117
15.768896344075555
36.46555502813487
22.250979890309132
38.896173460951445
38.8695274764848
38.817158750329675
38.77081678576251
37.65556127606726
37.595625880203855
37.64469578483255
37.620979671953265
37.60896482422663
37.60896482422663
37.60896482422663
37.60896482422663
37.60896482422663
37.60896482422663
37.60896482422663
37.60896482422663
37.60896482422663
37.60896482422663
37.60896482422663
37.60896482422663
37.60896482422663
37.60896482422663
37.60896482422663
37.60896482422663
37.60896482422663
37.60896482422663
37.60896482422663
37.60896482422663
37.60896482422663
37.60896482422663
37.60896482422663
37.60896482422663
37.60896482422663
37.60896482422663
37.60896482422663
37.60896482422663
37.60896482422663
37.60896482422663
37.60896482422663
37.60896482422663
37.60896482422663
37.60896482422663
37.60896482422663
37.60896482422663
37.60896482422663
37.60896482422663
37.60896482422663
37.60896482422663
37.60896482422663
37.60896482422663
37.60896482422663
37.60896482422663
37.60896482422663
37.60896482422663
37.60896482422663
37.60896482422663
37.60896482422663
37.60896482422663
37.60896482422663
37.60896482422663
37.60896482422663
37.60896482422663
37.60896482422663
37.60896482422663
37.60896482422663
37.60896482422663
37.60896482422663
37.60896482422663
37.60896482422663
37.60896482422663
37.60896482422663
37.60896482422663
37.60896482422663
37.60896482422663
37.60896482422663
37.60896482422663
37.60896482422663
37.60896482422663
37.60896482422663
37.60896482422663
37.60896482422663
37.60896482422663
37.60896482422663
37.60896482422663
37.60896482422663
37.60896482422663
37.60896482422663
37.60896482422663
37.60896482422663
37.60896482422663
37.60896482422663
37.60896482422663
37.60896482422663
37.60896482422663
37.60896482422663
37.60896482422663
37.60896482422663
37.60896482422663
37.60896482422663
37.60896482422663
37.60896482422663
37.60896482422663
37.60896482422663
37.60896482422663
37.60896482422663
37.60896482422663
37.60896482422663
37.60896482422663
37.5976436454202
32.95989326811212
37.61966005170459
24.360213152924434
-16.152562567561418
37.61457434674675
32.20534084256068
30.749616179459764
31.86389099519633
38.73618397538288
34.26041743951421
33.28872416190599
35.76260097486589
-13.856279755506483
38.80669608177104
38.74574211171647
38.76871533498042
38.856771474122475
38.904875216791766
38.853109834395475
38.84290965060747
38.87079137449998
37.86165835122553
38.82998054596156
37.69295391678811
37.70532905846929
19.095665853482544
24.203055499371235
-25.23882145045673
36.84723291257474
37.842842227800894
36.76766887612042
36.77831953701357
35.83110386063752
36.815459653550064
37.77725730909387
36.80793259146896
36.787329709012944
37.88061234843039
37.87799395915911
35.84119780411766
35.816089799487756
35.78854210199755
35.85507503462575
36.888491366637666
37.81739553238658
37.892657713889676
36.90003200852667
36.893924398912816
36.88316051168663
37.85110344918552
36.8470849640699
37.93261133506427
37.87990622857817
37.74838436319534
37.768454315360856
38.88274004283214
38.87902798570798
37.653184803778565
37.731118687085555
38.87655484946847
38.866208009991894
38.86244508858932
38.8632980262818
37.761435603645836
37.68577079518532
38.84292681828147
38.865027470215864
38.88333913275605
37.81014348472021
37.83795829248654
37.89656347488108
38.931672086121964
37.8642114257602
38.954679432137006
38.89793090421397
38.91468789090435
38.90604518320267
38.92877827787573
38.90649532787404
38.899923724722385
38.87499410177124
38.888619887046644
38.82476866592473
37.79181315394038
37.80392689228981
38.859691160752945
38.91300190095947
38.87819016998482
38.89355421160851
38.91259197458225
38.91905420206067
38.8613936378058
38.87307172508977
38.880393517861584
38.84025813193241
38.87687335319574
38.91011078696925
38.89119181298572
38.920151794605864
38.799610256633386
38.799610256633386
38.799610256633386
38.799610256633386
38.799610256633386
38.799610256633386
38.799610256633386
38.799610256633386
38.799610256633386
38.799610256633386
38.799610256633386
38.799610256633386
38.799610256633386
38.799610256633386
38.799610256633386
38.799610256633386
38.799610256633386
38.799610256633386
38.799610256633386
38.799610256633386
38.799610256633386
38.799610256633386
38.799610256633386
38.799610256633386
38.799610256633386
38.799610256633386
38.799610256633386
38.799610256633386
38.799610256633386
38.799610256633386
38.799610256633386
38.799610256633386
38.799610256633386
38.799610256633386
38.799610256633386
38.799610256633386
38.799610256633386
38.799610256633386
38.799610256633386
38.799610256633386
38.799610256633386
38.799610256633386
38.799610256633386
38.799610256633386
38.799610256633386
38.799610256633386
38.799610256633386
38.799610256633386
38.799610256633386
38.799610256633386
38.799610256633386
38.799610256633386
38.799610256633386
38.799610256633386
38.799610256633386
38.799610256633386
38.799610256633386
38.799610256633386
38.799610256633386
38.799610256633386
38.799610256633386
38.799610256633386
38.799610256633386
38.799610256633386
38.799610256633386
38.799610256633386
38.799610256633386
38.799610256633386
38.799610256633386
38.799610256633386
38.799610256633386
38.799610256633386
38.799610256633386
38.799610256633386
38.799610256633386
38.799610256633386
38.799610256633386
38.799610256633386
38.799610256633386
38.799610256633386
38.799610256633386
38.799610256633386
38.799610256633386
38.799610256633386
38.799610256633386
38.799610256633386
38.799610256633386
38.799610256633386
38.799610256633386
38.799610256633386
38.799610256633386
38.799610256633386
38.799610256633386
38.799610256633386
38.799610256633386
38.799610256633386
38.799610256633386
38.799610256633386
38.799610256633386
38.799610256633386
38.86994370956053
38.84028431246957
38.82477534272209
38.90653840099947
38.87538912634081
38.85559009440755
38.86549522418025
38.91888940808761
37.87447745591196
36.90540903831286
37.950019809602516
37.86537692047744
37.85920997561233
37.84826915877683
36.85712652392493
35.900971403420506
32.75904466133157
35.87086295386497
36.785245511103824
37.7985208122053
37.94473465837874
36.94192675391569
37.927359056943345
37.88234646078556
37.90359637732063
38.88962519737315
38.90566115651346
38.84629598085265
38.82233631241926
38.90688757625715
38.849381142343944
38.8210503002593
38.82841099334797
38.85808647995469
37.886234314320575
38.85649757701182
38.95556140956155
38.929048439158535
38.88912719222864
38.887350726506185
38.88346975737525
38.88925283055532
37.87451839793857
38.94053164827144
15.392161940538179
38.928172404613775
38.92869295326818
38.90996508202953
38.925017885583905
38.94884657391686
38.971458471324375
38.95939535265947
38.94009494500444
38.87826944153823
38.89965820343047
38.94277091303525
38.92994380121022
38.93132814408052
37.935805780131524
38.948482518905664
38.92786257217176
37.919109892800954
38.960610074638886
38.93516493010107
38.92356764804095
38.937775696371446
38.938757569622275
38.94759986927809
38.91316749865377
38.93205066804454
38.82956848831916
38.75614095713236
37.663564602956086
38.84464220741453
38.88562960279623
38.92073223375947
38.8899269874712
38.77473115511681
38.79219726359163
38.83554805611156
38.80147528456996
37.712539879993855
37.741906600583384
37.80866260809092
37.82732217614192
37.699930363362284
37.772794570015456
37.741420853947616
37.79796791858367
37.71825710830008
37.664849231111056
37.64594443363973
37.69580058302572
37.772594657764735
-10.582840098924375
-2.866530325728851
9.190832238272455
-8.13103890693583
37.62842965380712
36.478768305261234
37.595204220469114
37.595204220469114
37.595204220469114
37.595204220469114
37.595204220469114
37.595204220469114
37.595204220469114
37.595204220469114
37.595204220469114
37.595204220469114
37.595204220469114
37.595204220469114
37.595204220469114
37.595204220469114
37.595204220469114
37.595204220469114
37.595204220469114
37.595204220469114
37.595204220469114
37.595204220469114
37.595204220469114
37.595204220469114
37.595204220469114
37.595204220469114
37.595204220469114
37.595204220469114
37.595204220469114
37.595204220469114
37.595204220469114
37.595204220469114
37.595204220469114
37.595204220469114
37.595204220469114
37.595204220469114
37.595204220469114
37.595204220469114
37.595204220469114
37.595204220469114
37.595204220469114
37.595204220469114
37.595204220469114
37.595204220469114
37.595204220469114
37.595204220469114
37.595204220469114
37.595204220469114
37.595204220469114
37.595204220469114
37.595204220469114
37.595204220469114
37.595204220469114
37.595204220469114
37.595204220469114
37.595204220469114
37.595204220469114
37.595204220469114
37.595204220469114
37.595204220469114
37.595204220469114
37.595204220469114
37.595204220469114
37.595204220469114
37.595204220469114
37.595204220469114
37.595204220469114
37.595204220469114
37.595204220469114
37.595204220469114
37.595204220469114
37.595204220469114
37.595204220469114
37.595204220469114
37.595204220469114
37.595204220469114
37.595204220469114
37.595204220469114
37.595204220469114
37.595204220469114
37.595204220469114
37.595204220469114
37.595204220469114
37.595204220469114
37.595204220469114
37.595204220469114
37.595204220469114
37.595204220469114
37.595204220469114
37.595204220469114
37.595204220469114
37.595204220469114
37.595204220469114
37.595204220469114
37.595204220469114
37.595204220469114
37.595204220469114
37.595204220469114
37.595204220469114
37.595204220469114
37.595204220469114
37.595204220469114
36.498232964296214
23.222310638427086
34.61899150128847
34.596059119744666
34.5148559819151
34.536941247249494
34.453024063876775
35.482575464767606
33.42134818141368
33.43468391204891
35.51591720545959
34.56795306240343
32.526962082102465
35.589898208548455
36.65649078684295
36.73379088143078
31.728391445301476
32.52690202049466
28.37474395492522
35.70327181886789
36.67073460454356
36.72104394324109
35.67651232092538
37.753975373068116
37.7984857033629
37.819622996097685
38.91256515017472
38.82947357487198
37.632243436793885
38.75450882164826
34.13507576957324
37.83597703364819
37.83590520509851
37.78557160668855
36.73412576029353
37.77426635237657
36.548533211030104
36.552443779798764
37.62534538457798
37.61084348535609
37.600701916660995
37.6321605596065
37.62903996092835
37.63422160402955
38.788426615856594
37.601426799259585
36.53473883058411
37.67472919288246
38.83990034559596
38.79473158472845
37.63632159187277
38.78420954208486
38.8476208632265
38.87197159529533
38.78911026535841
37.6123371434917
36.48728810552466
37.632353154419675
37.64527563865982
37.627772455295016
38.74352895734757
37.663814579975266
37.653740797669755
37.664904761636215
37.72288792535524
37.71192265024724
37.75716883020916
37.81407174977114
38.82007848383669
38.745294289517894
38.763483891122874
38.8121617402804
37.71950711486099
37.77835160935972
38.83623919896961
38.80943419180912
38.79267203805942
37.66204140230055
37.658512267704275
37.71029837486175
36.56114330987586
36.53814937685239
35.47362609726708
37.74506363289427
37.77781767780921
35.53856856340408
35.44062066756177
36.53301721632424
-42.7053992370794
35.450069282833944
38.756920537341
36.434909704990886
35.279960728622854
35.36095571522004
36.47498292049734
36.48453958698962
33.230505177363426
34.58903282884288
34.499520458260164
36.6936959003471
36.83489515523642
36.83489515523642
36.83489515523642
36.83489515523642
36.83489515523642
36.83489515523642
36.83489515523642
36.83489515523642
36.83489515523642
36.83489515523642
36.83489515523642
36.83489515523642
36.83489515523642
36.83489515523642
36.83489515523642
36.83489515523642
36.83489515523642
36.83489515523642
36.83489515523642
36.83489515523642
36.83489515523642
36.83489515523642
36.83489515523642
36.83489515523642
36.83489515523642
36.83489515523642
36.83489515523642
36.83489515523642
36.83489515523642
36.83489515523642
36.83489515523642
36.83489515523642
36.83489515523642
36.83489515523642
36.83489515523642
36.83489515523642
36.83489515523642
36.83489515523642
36.83489515523642
36.83489515523642
36.83489515523642
36.83489515523642
36.83489515523642
36.83489515523642
36.83489515523642
36.83489515523642
36.83489515523642
36.83489515523642
36.83489515523642
36.83489515523642
36.83489515523642
36.83489515523642
36.83489515523642
36.83489515523642
36.83489515523642
36.83489515523642
36.83489515523642
36.83489515523642
36.83489515523642
36.83489515523642
36.83489515523642
36.83489515523642
36.83489515523642
36.83489515523642
36.83489515523642
36.83489515523642
36.83489515523642
36.83489515523642
36.83489515523642
36.83489515523642
36.83489515523642
36.83489515523642
36.83489515523642
36.83489515523642
36.83489515523642
36.83489515523642
36.83489515523642
36.83489515523642
36.83489515523642
36.83489515523642
36.83489515523642
36.83489515523642
36.83489515523642
36.83489515523642
36.83489515523642
36.83489515523642
36.83489515523642
36.83489515523642
36.83489515523642
36.83489515523642
36.83489515523642
36.83489515523642
36.83489515523642
36.83489515523642
36.83489515523642
36.83489515523642
36.83489515523642
36.83489515523642
36.83489515523642
36.83489515523642
35.55816208722869
35.68719195387739
35.53953622544326
35.6833994970808
36.79438327683142
12.515754067023021
34.6635304957209
34.73134915609957
35.81489769679487
34.653239596852636
20.66952314868769
29.074100256410983
-48.40388441599423
34.782819781684324
35.70117130570062
13.976572205873623
33.52597504224229
35.82152891414905
35.85793051665561
20.3897902169875
-47.815140901835086
12.168210387222187
-36.09962339105037
-88.70635077048857
-65.72776258378184
-77.05050025080423
37.861438051007354
37.86634215971854
37.86944025474591
37.866637926189796
36.840044338647274
36.921745971642046
37.91662769855238
37.79248831594793
38.84735052547292
38.84472162414487
38.83615412740746
38.858412746144765
38.884701638728956
38.85588213891457
38.86248737215749
38.83981209346611
38.861848364204754
37.757682552157085
37.746025004658506
37.85111381006412
37.78866179287738
37.762725223051085
37.826696950409975
37.843945343647576
36.84725913822672
36.80972693836811
36.75437214920324
33.402791371690455
35.574627567159794
35.55625421756767
34.386031781996834
-43.84953839919382
-63.586706961690254
14.712637661643726
37.77198890311696
36.74225836273155
37.854919299776576
38.86036648340843
38.83184379310093
37.88546601175365
37.786407938911665
37.79301231244348
37.80616215748415
37.75807235880436
34.40057690010141
-47.164814478142205
37.78003942185635
36.715717105474496
37.77190234261575
37.84044680937382
37.85004498804958
37.82999313011834
36.76588903561819
37.80305237264073
37.84090728190662
37.8049893827144
37.78460405164563
37.78365759446619
37.8232888786243
37.85248514523598
37.819099451849446
37.80962714937258
37.69352740357098
37.81102080162818
38.90016464977591
38.90367802275393
38.79708271051386
38.80776259402984
38.84188174266444
38.84478858553221
38.84742869093912
38.85448761656364
38.85594625549826
38.777909473467346
35.53689815208346
35.53689815208346
35.53689815208346
35.53689815208346
35.53689815208346
35.53689815208346
35.53689815208346
35.53689815208346
35.53689815208346
35.53689815208346
35.53689815208346
35.53689815208346
35.53689815208346
35.53689815208346
35.53689815208346
35.53689815208346
35.53689815208346
35.53689815208346
35.53689815208346
35.53689815208346
35.53689815208346
35.53689815208346
35.53689815208346
35.53689815208346
35.53689815208346
35.53689815208346
35.53689815208346
35.53689815208346
35.53689815208346
35.53689815208346
35.53689815208346
35.53689815208346
35.53689815208346
35.53689815208346
35.53689815208346
35.53689815208346
35.53689815208346
35.53689815208346
35.53689815208346
35.53689815208346
35.53689815208346
35.53689815208346
35.53689815208346
35.53689815208346
35.53689815208346
35.53689815208346
35.53689815208346
35.53689815208346
35.53689815208346
35.53689815208346
35.53689815208346
35.53689815208346
35.53689815208346
35.53689815208346
35.53689815208346
35.53689815208346
35.53689815208346
35.53689815208346
35.53689815208346
35.53689815208346
35.53689815208346
35.53689815208346
35.53689815208346
35.53689815208346
35.53689815208346
35.53689815208346
35.53689815208346
35.53689815208346
35.53689815208346
35.53689815208346
35.53689815208346
35.53689815208346
35.53689815208346
35.53689815208346
35.53689815208346
35.53689815208346
35.53689815208346
35.53689815208346
35.53689815208346
35.53689815208346
35.53689815208346
35.53689815208346
35.53689815208346
35.53689815208346
35.53689815208346
35.53689815208346
35.53689815208346
35.53689815208346
35.53689815208346
35.53689815208346
35.53689815208346
35.53689815208346
35.53689815208346
35.53689815208346
35.53689815208346
35.53689815208346
35.53689815208346
35.53689815208346
35.53689815208346
35.53689815208346
38.80087267328371
38.82643251820105
38.8672294708207
38.84502856059966
38.81422050074608
38.782027373295115
38.799314722499155
37.60757978099567
37.68107368934177
38.82750354332672
38.84405172226032
37.76609857925362
23.85027563407273
37.79334525072744
26.17440582761292
37.77240337896131
37.778020622400504
37.80956945183683
37.82187220152605
36.68551075331303
33.57343674110306
15.28288092109436
-39.05864621416146
36.6904670599683
35.66958723331833
36.795208162485274
36.66339412238468
36.70289772120166
36.753364282381696
35.704527404681585
36.740739576585824
35.73638881185684
35.700789266368396
36.782938377481116
36.81312176242492
35.7456157159803
36.831534090791656
37.85828363982928
37.876580851225484
37.72510568770013
36.69309955534473
37.812916602254106
37.78899146435239
37.67398066557299
38.742101527669774
37.63909937831452
37.717189144629444
38.7951180019157
36.723482112653286
37.760268634522575
36.71456943155021
35.68766578847739
35.83162355825716
36.774304889907896
36.63796771303406
36.32301133770891
36.6922450894607
37.66028000196694
36.559633799986486
37.79598094402037
37.841498520045775
36.63377673551349
36.69882597169696
35.67203821397124
36.69284080120712
34.58791621440934
37.77960715658403
37.774520096287475
37.77811927661777
35.76580705964862
34.721675515275685
32.74185281079417
35.8261999760894
34.828869489709255
35.77312714942489
36.894010577240685
36.92965483054825
37.90794248315361
36.84929203614376
35.89280875993118
36.90897663265716
36.90243449196717
35.874664788324964
35.8526410953103
15.136280799535783
31.480964174188284
38.85927150784903
38.75535821023601
38.80074414182391
38.76396460215601
37.82955051346377
26.218449999392398
-8.36323282265105
32.51862816304021
34.74706776997459
34.140047745877624
35.79290440602064
-47.102960972366766
37.77889909216752
37.732463501946334
37.73867915615272
37.73867915615272
37.73867915615272
37.73867915615272
37.73867915615272
37.73867915615272
37.73867915615272
37.73867915615272
37.73867915615272
37.73867915615272
37.73867915615272
37.73867915615272
37.73867915615272
37.73867915615272
37.73867915615272
37.73867915615272
37.73867915615272
37.73867915615272
37.73867915615272
37.73867915615272
37.73867915615272
37.73867915615272
37.73867915615272
37.73867915615272
37.73867915615272
37.73867915615272
37.73867915615272
37.73867915615272
37.73867915615272
37.73867915615272
37.73867915615272
37.73867915615272
37.73867915615272
37.73867915615272
37.73867915615272
37.73867915615272
37.73867915615272
37.73867915615272
37.73867915615272
37.73867915615272
37.73867915615272
37.73867915615272
37.73867915615272
37.73867915615272
37.73867915615272
37.73867915615272
37.73867915615272
37.73867915615272
37.73867915615272
37.73867915615272
37.73867915615272
37.73867915615272
37.73867915615272
37.73867915615272
37.73867915615272
37.73867915615272
37.73867915615272
37.73867915615272
37.73867915615272
37.73867915615272
37.73867915615272
37.73867915615272
37.73867915615272
37.73867915615272
37.73867915615272
37.73867915615272
37.73867915615272
37.73867915615272
37.73867915615272
37.73867915615272
37.73867915615272
37.73867915615272
37.73867915615272
37.73867915615272
37.73867915615272
37.73867915615272
37.73867915615272
37.73867915615272
37.73867915615272
37.73867915615272
37.73867915615272
37.73867915615272
37.73867915615272
37.73867915615272
37.73867915615272
37.73867915615272
37.73867915615272
37.73867915615272
37.73867915615272
37.73867915615272
37.73867915615272
37.73867915615272
37.73867915615272
37.73867915615272
37.73867915615272
37.73867915615272
37.73867915615272
37.73867915615272
37.73867915615272
37.73867915615272
37.747526976656054
37.723708092586705
37.71313110707748
37.67248551010206
37.73755195908387
36.663930449581805
38.81366517927779
38.84448225521659
36.608683263849606
37.82965808040484
37.764515503553696
38.835569050876394
38.854815027960555
37.735791108120466
37.70266714024286
37.749745002080836
36.62347966823991
36.59346149295951
36.4733114950207
36.54189001439045
36.56904537258543
36.618112848709345
24.457021145424942
36.55288293147515
23.89643616486427
36.17690878701505
31.58987005430233
30.47689784908981
31.484742887095834
36.66838972854452
37.734649317375954
32.258242505539044
36.70226116734152
37.727639843236915
37.79801956168712
35.638641597173724
37.74263287442637
37.84423302180869
37.7953100516605
37.74917088312704
36.726590866256075
37.87954688077622
36.83983251296137
36.70826288943567
36.70126204525103
35.612657218295
34.467541392550494
34.36532714077117
35.50879836681698
37.751721023318794
36.57721453801797
34.32340608225057
35.69347155816225
34.65983658792039
35.642366783660876
33.45174262439803
32.233213530354426
25.78646220194308
31.065629305299414
30.104487755084076
25.899956750393144
34.489962701231306
34.32904982010321
35.57675211530483
35.606454663108714
30.237987371924483
34.60073682397859
34.54158993592305
29.424943118346413
28.539013874754776
23.918725168513884
16.12261254116938
20.5860730742058
26.337600316314138
28.158435461721375
24.14876616181743
-34.24659461809392
19.494806854526036
25.08538809776979
26.203279261342672
25.295495412679987
32.6262095292442
36.76243004003339
34.78492367063581
38.77537613437512
38.71405269470476
38.805249689816605
38.81748720723978
38.829981610306284
38.791033576170555
38.847351823170555
38.840249722686906
37.87033595558638
37.788179283891964
37.845568234300444
37.81040261428132
37.78917876736549
38.8525636748027
35.79074762183211
36.78262390595201
37.63921898608733
37.63921898608733
37.63921898608733
37.63921898608733
37.63921898608733
37.63921898608733
37.63921898608733
37.63921898608733
37.63921898608733
37.63921898608733
37.63921898608733
37.63921898608733
37.63921898608733
37.63921898608733
37.63921898608733
37.63921898608733
37.63921898608733
37.63921898608733
37.63921898608733
37.63921898608733
37.63921898608733
37.63921898608733
37.63921898608733
37.63921898608733
37.63921898608733
37.63921898608733
37.63921898608733
37.63921898608733
37.63921898608733
37.63921898608733
37.63921898608733
37.63921898608733
37.63921898608733
37.63921898608733
37.63921898608733
37.63921898608733
37.63921898608733
37.63921898608733
37.63921898608733
37.63921898608733
37.63921898608733
37.63921898608733
37.63921898608733
37.63921898608733
37.63921898608733
37.63921898608733
37.63921898608733
37.63921898608733
37.63921898608733
37.63921898608733
37.63921898608733
37.63921898608733
37.63921898608733
37.63921898608733
37.63921898608733
37.63921898608733
37.63921898608733
37.63921898608733
37.63921898608733
37.63921898608733
37.63921898608733
37.63921898608733
37.63921898608733
37.63921898608733
37.63921898608733
37.63921898608733
37.63921898608733
37.63921898608733
37.63921898608733
37.63921898608733
37.63921898608733
37.63921898608733
37.63921898608733
37.63921898608733
37.63921898608733
37.63921898608733
37.63921898608733
37.63921898608733
37.63921898608733
37.63921898608733
37.63921898608733
37.63921898608733
37.63921898608733
37.63921898608733
37.63921898608733
37.63921898608733
37.63921898608733
37.63921898608733
37.63921898608733
37.63921898608733
37.63921898608733
37.63921898608733
37.63921898608733
37.63921898608733
37.63921898608733
37.63921898608733
37.63921898608733
37.63921898608733
37.63921898608733
37.63921898608733
37.76104837511377
37.77622913231801
37.8058862822776
37.75976402295221
35.55607488474182
36.713434588063755
37.70860462529017
38.79657723767119
38.76485581156004
38.794344244833596
38.787375299522864
38.762795515667904
38.7550092073017
38.815664797180155
38.816508907909196
38.84449179037425
38.83196422293232
38.7973609446702
38.73771796934066
38.79622408112746
38.79980318140669
38.80755519819687
38.7777496315264
38.7617413418985
37.60618771914144
37.57940293704406
36.43694866279227
11.463065076783467
38.73219278824534
38.71520187320732
38.714588564869175
37.58747167738077
34.050761345613665
38.695893358249975
38.720162670515116
37.66360960612666
37.65713379335823
38.80571645898731
38.843951435888094
37.759027244650035
36.58137152046495
37.686235776920945
36.60715301464515
36.1340767897266
37.75330463588861
37.70069287660864
36.68975169205246
36.77155467222675
27.44678339679652
35.79795829060451
36.76338223962673
35.87349162804169
36.722981348394725
36.70379181632137
35.998003227306576
34.67811227689849
36.65197161269897
2.1987406436367163
37.67770114454959
37.74270565924286
37.807855693518825
37.725607709769946
32.57865756646619
38.775313647026614
36.61680129491655
37.71742315487549
37.750438758732415
37.63604391561662
37.652711489595795
37.72396977456348
27.38321311774862
24.13930961509897
20.239672402473914
36.46113718763352
36.50806404729101
36.607889027090074
27.960412085738103
34.29087490693878
26.792442963961822
31.163785961430648
34.51262035772996
34.43619467454387
33.24008236661222
33.3566077665333
35.670289686020965
37.72689321644877
35.61875167373762
35.58455776571679
37.76214314621846
38.81524739116896
38.80362227299467
37.63957962117552
37.692225377236944
37.65115723536895
36.55630674986581
37.66192973371699
37.726985784225306
37.74582414923645
38.84897477027075
37.72216605539986
38.81633843001332
38.81633843001332
38.81633843001332
38.81633843001332
38.81633843001332
38.81633843001332
38.81633843001332
38.81633843001332
38.81633843001332
38.81633843001332
38.81633843001332
38.81633843001332
38.81633843001332
38.81633843001332
38.81633843001332
38.81633843001332
38.81633843001332
38.81633843001332
38.81633843001332
38.81633843001332
38.81633843001332
38.81633843001332
38.81633843001332
38.81633843001332
38.81633843001332
38.81633843001332
38.81633843001332
38.81633843001332
38.81633843001332
38.81633843001332
38.81633843001332
38.81633843001332
38.81633843001332
38.81633843001332
38.81633843001332
38.81633843001332
38.81633843001332
38.81633843001332
38.81633843001332
38.81633843001332
38.81633843001332
38.81633843001332
38.81633843001332
38.81633843001332
38.81633843001332
38.81633843001332
38.81633843001332
38.81633843001332
38.81633843001332
38.81633843001332
38.81633843001332
38.81633843001332
38.81633843001332
38.81633843001332
38.81633843001332
38.81633843001332
38.81633843001332
38.81633843001332
38.81633843001332
38.81633843001332
38.81633843001332
38.81633843001332
38.81633843001332
38.81633843001332
38.81633843001332
38.81633843001332
38.81633843001332
38.81633843001332
38.81633843001332
38.81633843001332
38.81633843001332
38.81633843001332
38.81633843001332
38.81633843001332
38.81633843001332
38.81633843001332
38.81633843001332
38.81633843001332
38.81633843001332
38.81633843001332
38.81633843001332
38.81633843001332
38.81633843001332
38.81633843001332
38.81633843001332
38.81633843001332
38.81633843001332
38.81633843001332
38.81633843001332
38.81633843001332
38.81633843001332
38.81633843001332
38.81633843001332
38.81633843001332
38.81633843001332
38.81633843001332
38.81633843001332
38.81633843001332
38.81633843001332
38.81633843001332
37.75091837635328
37.71732808682943
38.73729065161523
37.624571774845535
38.778004485250506
37.5918418428448
38.77103169865976
38.81380122854549
38.802899645703846
38.69539361998365
38.72434967801328
38.763791372135955
38.81712188148148
38.766136246626836
38.76267730067455
38.70688803001949
38.80911443044606
37.761356639633306
34.602269658342074
31.73205937695252
32.63111182026988
31.80479985831272
32.74302353399826
31.525310785928887
31.378567395646122
30.380604031835446
30.355036326341633
-8.27825995605477
32.58061503060961
36.70767122419853
-64.46894568461812
-17.57843836806316
-41.38003120526178
8.320064261125781
-5.236647321364078
-5.520607557861742
-28.32090458400375
-14.300880019699752
-14.680269832336126
-5.460256382889558
-0.1807469920175696
21.90404555352356
19.84441417614262
-16.940092104432335
29.21323602926016
32.59150482184265
32.54152515925795
30.249051213876175
28.93225425243968
24.47348293726724
15.510747399869615
-73.95269997774707
31.368843659457966
34.57872418828111
35.66742731447166
36.78530900191147
35.79308167330812
35.72889524142196
35.7784503841196
34.769265657597856
35.76995197538838
25.405436143780967
31.85380331858582
34.90598118302114
33.858999357262164
-1.932498381272423
35.924835341400026
36.935788931666885
36.866343458134516
36.93286747578094
35.947500880449525
35.88401602547265
36.92042562848699
36.95270809727779
-1.134352142633664
-14.441805660414301
33.75215324947506
35.78766386125561
36.86725250644838
37.889338112263246
36.945147222862566
36.89815394803046
35.81155693157382
36.841177189160994
35.91321564379439
35.83872340858052
35.84179538408735
37.84061674338578
36.798324857275176
36.69680690912135
36.62177749634172
36.736264428913536
36.77626552964222
37.77052541524329
37.739494435048194
35.58422089652375
35.707890422035064
35.62612016539528
36.61657718639636
37.64551590706115
37.5648481228166
37.5648481228166
37.5648481228166
37.5648481228166
37.5648481228166
37.5648481228166
37.5648481228166
37.5648481228166
37.5648481228166
37.5648481228166
37.5648481228166
37.5648481228166
37.5648481228166
37.5648481228166
37.5648481228166
37.5648481228166
37.5648481228166
37.5648481228166
37.5648481228166
37.5648481228166
37.5648481228166
37.5648481228166
37.5648481228166
37.5648481228166
37.5648481228166
37.5648481228166
37.5648481228166
37.5648481228166
37.5648481228166
37.5648481228166
37.5648481228166
37.5648481228166
37.5648481228166
37.5648481228166
37.5648481228166
37.5648481228166
37.5648481228166
37.5648481228166
37.5648481228166
37.5648481228166
37.5648481228166
37.5648481228166
37.5648481228166
37.5648481228166
37.5648481228166
37.5648481228166
37.5648481228166
37.5648481228166
37.5648481228166
37.5648481228166
37.5648481228166
37.5648481228166
37.5648481228166
37.5648481228166
37.5648481228166
37.5648481228166
37.5648481228166
37.5648481228166
37.5648481228166
37.5648481228166
37.5648481228166
37.5648481228166
37.5648481228166
37.5648481228166
37.5648481228166
37.5648481228166
37.5648481228166
37.5648481228166
37.5648481228166
37.5648481228166
37.5648481228166
37.5648481228166
37.5648481228166
37.5648481228166
37.5648481228166
37.5648481228166
37.5648481228166
37.5648481228166
37.5648481228166
37.5648481228166
37.5648481228166
37.5648481228166
37.5648481228166
37.5648481228166
37.5648481228166
37.5648481228166
37.5648481228166
37.5648481228166
37.5648481228166
37.5648481228166
37.5648481228166
37.5648481228166
37.5648481228166
37.5648481228166
37.5648481228166
37.5648481228166
37.5648481228166
37.5648481228166
37.5648481228166
37.5648481228166
36.46288380815405
36.52359972234084
37.68161403373103
36.682534837389674
35.667066759803106
36.72298173392878
35.74661610445059
35.699918809172814
34.65055323648704
35.69410153278452
36.77935788004783
34.712558144393796
34.72969972711673
35.756827240506354
35.74769661447557
36.758656645887534
35.67374751014977
35.708848685599115
35.650757601022626
34.65190837825919
36.77475907992337
36.75557506292655
36.732538204299004
36.7752409270127
35.783632673176896
35.673140827294304
23.55482565766163
36.766254608336176
18.522904896982737
30.179259534585885
32.67883618523855
33.138926510740966
-15.279161764629436
1.8668066429888008
10.236702074061656
-3.284918162814862
33.712828734441054
35.72206358777078
-23.594298283832664
35.69765391417133
37.7954987066224
37.807543079164354
37.78445050580161
37.78010110605074
37.78374897678525
37.774113656375164
37.77310352578049
37.57463117184762
38.707385724514765
38.781358133562364
38.75999518441874
38.76142703613232
38.817593511297716
38.80990708899276
38.82269323292046
38.76059299213983
37.57932413214886
37.79894581822885
38.82095072405812
38.84022266314895
37.78647372222106
38.84649992995142
38.759768970195935
38.762726203636305
38.818905059489055
38.77714253511463
38.804622666481414
38.82758632087006
38.80793375129656
38.811650242190495
38.830043266132925
38.82365389417774
38.769279477012
38.83399137373745
38.842756105100534
38.89250626782906
38.8277006865359
38.808328059252716
38.83462924087965
38.863492312180874
38.868695735146105
38.86939649144037
38.84562031497716
38.793673991240496
37.72717632788512
38.79704837879615
37.73056407399777
37.68228883980916
37.78510854290706
37.777844591014414
37.71234589683534
37.771936437836096
37.738563949669725
38.763277169218135
37.7187880429835
37.685140036798714
37.65108956926261
37.67140474293035
37.76852301557715
37.72353097997177
38.749785813059226
38.749785813059226
38.749785813059226
38.749785813059226
38.749785813059226
38.749785813059226
38.749785813059226
38.749785813059226
38.749785813059226
38.749785813059226
38.749785813059226
38.749785813059226
38.749785813059226
38.749785813059226
38.749785813059226
38.749785813059226
38.749785813059226
38.749785813059226
38.749785813059226
38.749785813059226
38.749785813059226
38.749785813059226
38.749785813059226
38.749785813059226
38.749785813059226
38.749785813059226
38.749785813059226
38.749785813059226
38.749785813059226
38.749785813059226
38.749785813059226
38.749785813059226
38.749785813059226
38.749785813059226
38.749785813059226
38.749785813059226
38.749785813059226
38.749785813059226
38.749785813059226
38.749785813059226
38.749785813059226
38.749785813059226
38.749785813059226
38.749785813059226
38.749785813059226
38.749785813059226
38.749785813059226
38.749785813059226
38.749785813059226
38.749785813059226
38.749785813059226
38.749785813059226
38.749785813059226
38.749785813059226
38.749785813059226
38.749785813059226
38.749785813059226
38.749785813059226
38.749785813059226
38.749785813059226
38.749785813059226
38.749785813059226
38.749785813059226
38.749785813059226
38.749785813059226
38.749785813059226
38.749785813059226
38.749785813059226
38.749785813059226
38.749785813059226
38.749785813059226
38.749785813059226
38.749785813059226
38.749785813059226
38.749785813059226
38.749785813059226
38.749785813059226
38.749785813059226
38.749785813059226
38.749785813059226
38.749785813059226
38.749785813059226
38.749785813059226
38.749785813059226
38.749785813059226
38.749785813059226
38.749785813059226
38.749785813059226
38.749785813059226
38.749785813059226
38.749785813059226
38.749785813059226
38.749785813059226
38.749785813059226
38.749785813059226
38.749785813059226
38.749785813059226
38.749785813059226
38.749785813059226
38.749785813059226
37.654263254767145
37.568718980592855
37.61793721161867
37.671264356417424
37.70871505364846
37.776743820900144
37.72358818015768
36.49933736950122
36.51992510896417
36.55349224939646
36.70983845723703
36.74181172348209
32.57650732974246
32.714439828196284
29.245003041668973
31.524118592088524
36.70923649458889
27.74124327512749
20.30015801350728
36.67956084527508
36.614142744483075
37.70777884095206
36.66530086521395
38.7821028845284
38.80032332791967
38.805850990209144
38.72739226651278
38.70590961515233
38.68329032313502
37.60162904551933
37.604790449977294
37.59959412031981
37.61032065596551
38.720494790323016
38.709385214688005
37.54407862147846
36.31153907920594
36.44745943598504
37.5444484837504
37.56273915933221
38.66556940627636
38.74523544879396
37.57063941364269
37.675050089574725
37.751021413005994
37.77931537076956
37.77316383210276
37.75514562776526
37.73638587700211
37.76360811588624
0.23240542391740227
-17.030706340358037
-7.6516513649539375
-7.497672027666023
-12.904567720190013
33.68140052154492
6.2533634060881536
36.792911734401414
31.25133090174682
35.703796377945245
35.73618720500224
35.679284643463966
35.705507151669394
36.76080075566432
36.78384596070299
35.78707621061
36.80182584902393
37.808236919935894
33.630043498169705
37.80930215952124
38.86367485584496
38.82682825314879
38.772489457657215
38.80989191930839
37.772847335338675
37.8300012616258
38.82076717113494
38.84342927368478
38.84045503056722
38.834328794761156
38.79541019170887
38.74304195588652
38.702340073663926
38.790605684572974
38.73083944060819
37.601900164597396
37.66368983067308
38.74065760686093
37.59548692347068
38.715262445535615
38.74059603105598
35.40538450011351
35.48527521473027
35.46293301609167
35.44044507235685
34.40375790694271
33.20244959542343
35.369145686885005
34.2516785419927
35.40698648277473
35.45228820207589
35.45228820207589
35.45228820207589
35.45228820207589
35.45228820207589
35.45228820207589
35.45228820207589
35.45228820207589
35.45228820207589
35.45228820207589
35.45228820207589
35.45228820207589
35.45228820207589
35.45228820207589
35.45228820207589
35.45228820207589
35.45228820207589
35.45228820207589
35.45228820207589
35.45228820207589
35.45228820207589
35.45228820207589
35.45228820207589
35.45228820207589
35.45228820207589
35.45228820207589
35.45228820207589
35.45228820207589
35.45228820207589
35.45228820207589
35.45228820207589
35.45228820207589
35.45228820207589
35.45228820207589
35.45228820207589
35.45228820207589
35.45228820207589
35.45228820207589
35.45228820207589
35.45228820207589
35.45228820207589
35.45228820207589
35.45228820207589
35.45228820207589
35.45228820207589
35.45228820207589
35.45228820207589
35.45228820207589
35.45228820207589
35.45228820207589
35.45228820207589
35.45228820207589
35.45228820207589
35.45228820207589
35.45228820207589
35.45228820207589
35.45228820207589
35.45228820207589
35.45228820207589
35.45228820207589
35.45228820207589
35.45228820207589
35.45228820207589
35.45228820207589
35.45228820207589
35.45228820207589
35.45228820207589
35.45228820207589
35.45228820207589
35.45228820207589
35.45228820207589
35.45228820207589
35.45228820207589
35.45228820207589
35.45228820207589
35.45228820207589
35.45228820207589
35.45228820207589
35.45228820207589
35.45228820207589
35.45228820207589
35.45228820207589
35.45228820207589
35.45228820207589
35.45228820207589
35.45228820207589
35.45228820207589
35.45228820207589
35.45228820207589
35.45228820207589
35.45228820207589
35.45228820207589
35.45228820207589
35.45228820207589
35.45228820207589
35.45228820207589
35.45228820207589
35.45228820207589
35.45228820207589
35.45228820207589
35.441256048045716
34.348687801651934
35.45608682484105
34.290382051784164
34.345128073715316
35.478368564366804
35.51439184669001
35.61853418405351
38.84264648517618
38.80657668081812
37.74663808944932
37.80983610755364
37.788863723784296
37.723139613552185
37.764036557395514
37.835286266745946
37.878754556170875
37.84463602474557
37.844053701452836
37.801591469383446
37.86201371019616
38.83784152747247
38.83464200962016
38.87322740564295
37.8381319214737
35.67445850791556
36.621721323748766
35.58264736619813
35.577424062264626
35.59524320911363
35.627358556624756
35.642017721955135
38.87518127492281
38.84979811109015
37.84240773330444
37.84063596163848
37.72655068450531
38.808431818058246
38.81354531850169
38.80020941518105
38.801764006445566
37.73178319301007
38.806583649908575
37.740300755288445
38.80097298706238
-25.507093452791686
38.8031288167266
38.83685201176203
38.824663217572436
38.84193422191066
38.74882441806855
36.70340073180717
12.609126824745525
36.800871110807805
35.114061125221106
36.91729509019094
33.12375831872072
29.525046182420514
35.51328035694193
36.543321025958974
37.141868564867316
34.16584589316839
34.38408137936255
35.60398326212712
38.75828273377393
38.78161483543228
37.597150822573866
36.787074482653686
38.76674294319111
38.77441990569055
37.947302359602205
37.55251551659838
37.4205594311537
33.68141513944273
35.81424837365032
19.14776698893015
29.80144999995238
29.962133363235925
30.773645378683923
34.49492255242465
23.83838731008479
34.68508812953058
31.394277204459154
34.142049195740974
27.456601659375103
33.34471972413853
35.68246039802597
32.170680003093274
33.57257046777339
29.278976477491835
32.200908238596696
28.371552001244517
30.455353537723504
32.34148741036882
28.006492701864207
27.938043543950908
26.59831617112784
27.875726169500485
26.774044657575164
27.937182787386135
35.96335669247365
35.96335669247365
35.96335669247365
35.96335669247365
35.96335669247365
35.96335669247365
35.96335669247365
35.96335669247365
35.96335669247365
35.96335669247365
35.96335669247365
35.96335669247365
34.365342431549024
32.21649373193665
30.519548034435473
34.3089648261818
25.910871918282265
29.165099328640707
28.03883069467721
28.47213111774603
18.67758645661842
29.195656045294296
29.073158050205464
32.38474226662923
31.40807351409935
30.508368270970234
24.755376200926026
29.496258036860567
30.609178528163632
25.78981488444023
31.65415835450742
