-3.5972742011025125
-0.21395561094310164
-0.9604489282594334
-0.043493014101180644
-0.3047396857809838
-27.031436599149224
-19.28294421116528
-0.209165325454638
-0.339352706570191
-3.3203845978345496
-10.894633535336116
-1.226324345688056
-0.06860327810079195
-35.54423071559142
-52.584772228821976
-0.15239354918743164
-30.603899541816073
-0.9804528454234511
-0.13130531012735666
-2.219375643281798
-23.525794593697462
-11.462680588001007
-10.922122324318883
-1.8423454488456164
-0.8705968675488018
-0.048994161079712634
-5.679549037020403
-19.907566424139375
-4.70927255680587
-15.158235236690258
-0.05323838587395037
-0.34095367931333065
-6.450299898439251
-54.928715977453344
-31.02444471809528
-0.7428915136436298
-1.1527927097599342
-2.477460503963714
-4.347081350012413
-31.32915741041057
-46.42614851737564
-44.791624807929125
-80.83066678834568
-103.7639210551033
-111.7760631299385
-124.31882862428692
-107.65445925890107
-122.11286405753782
-0.33586291294552983
-0.28387396161079426
-22.680236345488016
-11.052534024714356
-6.226099075383007
-6.642148044271351
-7.829052373552412
-15.03267874065188
-0.23473919379673894
-0.4921537617251872
-0.9548076362295789
-23.39463964622624
-20.671548491903287
-0.7025917245947241
-0.07452022824868193
-0.9929707655175872
-6.555110979274453
-1.7701199970268766
-1.306147188449777
-12.172056113472918
-7.057546441066237
-18.379598816587595
-73.2177059646409
-91.23892195730805
-58.11295903559793
-30.2975017263285
-15.724886307464848
-27.62440205856867
-27.277071989705178
-22.223780962166423
-19.59616659037335
-0.023064061680778923
-5.478602447655091
-42.27683049962537
-47.305969882965314
-1.6818681575376804
-8.921214167260858
-37.02616341000704
-56.760768013064414
-36.61342386619851
-46.74850832446344
-1.2501541473222757
-18.10346238798352
-16.010811201279907
-37.493809773755046
-53.809915505789874
-1.5867017946688542
-25.561035937927105
-13.40177460310747
-22.523404472054775
-26.989065314908643
-26.051859422856296
-0.3813267857809583
-0.3813267857809583
-0.3813267857809583
-0.3813267857809583
-0.3813267857809583
-0.3813267857809583
-0.3813267857809583
-0.3813267857809583
-0.3813267857809583
-0.3813267857809583
-0.3813267857809583
-0.3813267857809583
-0.3813267857809583
-0.3813267857809583
-0.3813267857809583
-0.3813267857809583
-0.3813267857809583
-0.3813267857809583
-0.3813267857809583
-0.3813267857809583
-0.351223217370837
-26.267320708555143
-12.974301099884672
-35.681395184370096
-45.731657329899306
-56.87283664085173
-60.42156049118467
-57.83734137348771
-59.9372735653074
-49.5148926808368
-0.45356652851183615
-3.9219453934738358
-0.7075987134566148
-0.04361020148925465
-0.4258057773841193
-1.2803819648023576
-0.38252463822645366
-40.721350290884516
-36.03241294031403
-20.383993642443887
-31.82339128480729
-20.832073470792203
-59.30909308478526
-43.075131104698904
-57.576098444280696
-20.804259113813735
-10.047461681339152
-20.824801353721583
-34.965675814461704
-36.94020180246697
-7.983142534382999
-0.27993190593974665
-29.0481466196093
-5.653891943744275
-4.696835509432806
-4.4212717559046215
-1.2660636948668895
-0.11437042317239722
-9.29659458231027
-3.7607708791023313
-2.209377052244133
-0.17494222052031383
-0.2711361822985664
-25.27811090923591
-33.14361003420841
-35.10170354131566
-18.534144468907808
-41.305304195453594
-71.74854048843409
-79.90519014141955
-72.52870498182558
-40.943531127663086
-45.63099577952299
-48.415429406276004
-18.994081112118565
-8.184357158422799
-0.5664393211254884
-3.0392858566618166
-0.6204563254594633
-0.5716179156599128
-0.3980322826433411
-0.032243416461065655
-2.0980461363589753
-2.205804016952251
-4.740088313328018
-1.4808902959209598
-0.36922944997008367
-0.20057181793572704
-11.622465805541077
-3.3674037286697343
-3.8512938297234314
-0.31412123934743275
-8.969470537899609
-22.333723342039146
-38.104082007164855
-23.511886236939542
-7.89711940263194
-7.569037918773005
-1.9487434622042188
-8.590381896547923
-6.541949692425664
-5.9009820966943485
-3.1806381173051688
-0.07398113987982503
-10.161849808774681
-3.373386423747762
-0.6950634568235176
-0.09310183169252031
-2.024765396730703
-2.445298183641145
-1.2366938279343664
-10.529743347565493
-2.9188582497832978
-0.09257017853523687
-0.6257354359071827
-1.3877649512917316
-35.00620729795879
-20.608902614506256
-18.21791424443454
-44.68467703858564
-0.3813267857809583
-0.3813267857809583
-0.3813267857809583
-0.3813267857809583
-0.3813267857809583
-0.3813267857809583
-0.3813267857809583
-0.3813267857809583
-0.3813267857809583
-0.3813267857809583
-0.3813267857809583
-0.3813267857809583
-0.3813267857809583
-0.3813267857809583
-0.3813267857809583
-0.3813267857809583
-0.3813267857809583
-0.3813267857809583
-0.3813267857809583
-0.3813267857809583
-42.34790264544208
-30.264003345247275
-56.89724383434355
-78.02695747736983
-2.9395570373134583
-35.1902345146717
-24.924787728754136
-20.887962244022354
-17.0189812454054
-6.141524042151478
-28.68054805142306
-48.23573806234645
-26.201593881071766
-0.8487303220220757
-5.282671998905491
-19.73433058675858
-41.849260421633915
-19.236588727972578
-40.546121222954135
-1.5842875268330066
-107.03234913473685
-110.91574190602897
-87.2140953758885
-101.58442441467312
-81.87689608269638
-44.99661150207887
-40.45834416355451
-33.577373840846846
-66.17705470762931
-33.356939996580586
-10.933893779323297
-7.710771462539469
-42.527746940808655
-39.66831171995812
-49.26549230619341
-44.06593697256017
-82.10884668457521
-66.6723541985703
-33.00471178619953
-39.32297068814633
-8.354422590918855
-23.07944990635657
-1.1225867802350946
-14.684392116897747
-16.14509643100589
-12.614840966625229
-19.422160451995783
-27.20333909706229
-51.68657016776841
-23.28837911013745
-3.527162085401115
-6.670732579217422
-2.583397466186182
-1.918723762752275
-0.8735319733732586
-0.9590010576640031
-1.3294800001312224
-21.40977190251234
-13.46955834557106
-0.05165399343181123
-0.2317358834446747
-1.604744002396682
-0.3455471317268159
-0.993485454968381
-1.7699363466816842
-0.2278930383881519
-0.4141324689204562
-0.4066650573710957
-27.779697236458194
-47.25226546629618
-55.26208128556409
-29.80615357728538
-3.7476967298498285
-50.85479763192288
-4.585125067736961
-28.304034235358497
-0.5056963873184193
-0.40070195020377286
-2.5713029840527373
-0.031198991678058115
-2.343786514457385
-2.673999980359517
-0.9046084585034453
-0.03919007272360636
-4.155537077842183
-12.01511857617761
-4.0730585829513695
-1.7202181494408892
-3.5219776871426385
-14.913209840226486
-33.15253408631704
-5.221650700095247
-43.53498392268975
-23.329416160223435
-18.37919978565625
-10.76509922539005
-2.7627242579265063
-8.282291532722093
-44.799792213171955
-48.1061527545344
-0.3813267857809583
-0.3813267857809583
-0.3813267857809583
-0.3813267857809583
-0.3813267857809583
-0.3813267857809583
-0.3813267857809583
-0.3813267857809583
-0.3813267857809583
-0.3813267857809583
-0.3813267857809583
-0.3813267857809583
-0.3813267857809583
-0.3813267857809583
-0.3813267857809583
-0.3813267857809583
-0.3813267857809583
-0.3813267857809583
-0.3813267857809583
-0.3813267857809583
-0.7406981465706334
-10.657713498608318
-29.08068481219026
-3.4039117181514693
-1.4009712579198577
-2.6973043059999897
-0.845278973392508
-36.970792706614674
-49.9972611884919
-26.86879564644064
-0.34693300489553747
-64.13876803355863
-42.38259713872952
-54.505434373643055
-70.48961242949213
-0.3849687993066416
-0.3188446512686085
-0.34025388734084583
-0.35459730455154365
-0.3278941952280925
-0.34173884578995245
-0.31749769742573775
-0.1766546039087934
-0.25072118265596616
-0.4030096731876951
-4.948892534557006
-11.262821661855332
-13.384930502428144
-23.18631545407533
-9.61487016469737
-10.31184061709837
-11.115057124562849
-43.39936752511587
-24.46911054836744
-45.538917336538454
-52.09162849634351
-6.396071291891856
-21.350304580514518
-17.17973474655704
-13.590847285188243
-26.857819974565274
-21.51659844369373
-33.01610352089476
-34.39071126056308
-32.806912903641354
-32.51549831713526
-61.72893453942275
-14.510612498725925
-9.013489295865865
-15.212335650569646
-11.020431973668963
-57.39360257175465
-3.979834773190041
-0.28462573505164035
-0.29382095182651374
-7.661792721215743
-22.266611980323773
-1.215533099842236
-9.14458585765298
-0.35627129814484193
-0.2813049286915141
-7.406207310877145
-6.6332026143626805
-9.843811721499646
-18.116885021287963
-10.892252385336421
-10.362547093185988
-16.406321542296933
-14.803723534726949
-11.32091580413874
-10.747137885993327
-8.201225723354
-22.313796010299768
-50.183073420972725
-22.84249967987331
-29.81707017000857
-24.81131680677565
-16.31547871887036
-1.5343416890397388
-1.667238164204196
-1.500173965632024
-1.070544738550761
-2.2727545410012824
-2.5582180619558055
-12.987713547145107
-4.972749973596579
-18.57244106937975
-0.5376249345453982
-0.4659610695190329
-0.3486894440205842
-0.3128968362198482
-0.2289641230597613
-8.27724747169781
-0.4069666194315227
-0.3036938871006185
-0.35639026823175285
-30.867554672668913
-43.738373037236705
-36.92692605379856
-51.40888857356914
-0.8237912830398322
-0.8237912830398322
-0.8237912830398322
-0.8237912830398322
-0.8237912830398322
-0.8237912830398322
-0.8237912830398322
-0.8237912830398322
-0.8237912830398322
-0.8237912830398322
-0.8237912830398322
-0.8237912830398322
-0.8237912830398322
-0.8237912830398322
-0.8237912830398322
-0.8237912830398322
-0.8237912830398322
-0.8237912830398322
-0.8237912830398322
-0.8237912830398322
-0.8237912830398322
-0.8237912830398322
-0.8237912830398322
-0.8237912830398322
-0.8237912830398322
-0.8237912830398322
-0.8237912830398322
-0.8237912830398322
-0.8237912830398322
-0.8237912830398322
-0.8237912830398322
-0.8237912830398322
-0.8237912830398322
-0.8237912830398322
-0.8237912830398322
-0.8237912830398322
-0.8237912830398322
-0.8237912830398322
-0.8237912830398322
-0.8237912830398322
-0.8237912830398322
-0.8237912830398322
-0.8237912830398322
-0.8237912830398322
-0.8237912830398322
-0.8237912830398322
-0.8237912830398322
-0.8237912830398322
-0.8237912830398322
-0.8237912830398322
-0.8237912830398322
-0.8237912830398322
-0.8237912830398322
-0.8237912830398322
-0.8237912830398322
-0.8237912830398322
-0.8237912830398322
-0.8237912830398322
-0.8237912830398322
-0.8237912830398322
-0.8237912830398322
-0.8237912830398322
-0.8237912830398322
-0.8237912830398322
-0.8237912830398322
-0.8237912830398322
-0.8237912830398322
-0.8237912830398322
-0.8237912830398322
-0.8237912830398322
-0.8237912830398322
-0.8237912830398322
-0.8237912830398322
-0.8237912830398322
-0.8237912830398322
-0.8237912830398322
-0.8237912830398322
-0.8237912830398322
-0.8237912830398322
-0.8237912830398322
-0.8237912830398322
-0.8237912830398322
-0.8237912830398322
-0.8237912830398322
-0.8237912830398322
-0.8237912830398322
-0.8237912830398322
-0.8237912830398322
-0.8237912830398322
-0.8237912830398322
-0.8237912830398322
-0.8237912830398322
-0.8237912830398322
-0.8237912830398322
-0.8237912830398322
-0.8237912830398322
-0.8237912830398322
-0.8237912830398322
-0.8237912830398322
-0.8237912830398322
-44.89502101073011
-30.09479965419845
-9.083821401949997
-16.126243670488975
-7.781183572334305
-0.2784747398210331
-0.29778875699992713
-0.5342964782149872
-0.5536168070978196
-0.4220004326276393
-0.44097468556967395
-0.5346841604317585
-0.9352542304445746
-0.5462515490536364
-0.5455641845995757
-0.27611096667720497
-0.2846279707477714
-0.48719715777756434
-1.0169931410734516
-8.005748593013784
-6.486169929200718
-9.091928146603776
-15.897183427996096
-13.095157101485304
-17.05744975443843
-0.44816399596411893
-0.5504410703342194
-0.6095255960806587
-0.5355588848840328
-0.6971685821963164
-0.675076488268039
-0.6717841488508733
-0.6689181643516791
-0.6589754663528244
-0.93035004832329
-28.145753560515757
-29.455346321992394
-48.39676356999688
-24.811735648076834
-15.284674882697761
-0.36321364352398566
-0.5052504464517102
-0.5164461402716172
-0.37731250546955897
-0.35361106897818356
-0.39702316961946765
-9.780960460084232
-0.5678448121357429
-0.8909903504324914
-1.2611306211405158
-0.5377838642333038
-0.9031750862937864
-0.38041052511663315
-1.1317105030401806
-0.9056112071551183
-0.9220631475459603
-3.397037518146838
-0.4912305127209088
-0.37875795989753336
-0.5128251832565733
-4.313657849929528
-0.8574778427912135
-0.7422201881971211
-0.7862827194535066
-0.5021555984433234
-0.2786389084953805
-0.29333105048406505
-0.373016648911882
-0.3855894391277578
-3.992737602146745
-2.074756600218562
-0.6670019400658839
-0.6424735746027396
-0.4487891630383212
-0.5083655546876303
-0.8164901031915259
-0.9449061331723752
-3.5537767063465204
-4.650361788357752
-2.414522513152496
-1.6416433546291416
-1.4375800435891604
-1.0182770388579263
-2.0114316483624877
-1.1642285486153698
-0.9958676684897685
-0.7211665446686228
-0.7115276490654301
-0.7289000287984502
-0.39693224489291057
-0.38369128825570203
-0.37595537218131286
-0.40968851458567385
-0.4811713449899013
-4.318043076750941
-0.19493805296507477
-0.225884524315227
-0.2806078059752622
-7.118644399540695
-7.590529002158321
-0.6561388343890793
-0.6561388343890793
-0.6561388343890793
-0.6561388343890793
-0.6561388343890793
-0.6561388343890793
-0.6561388343890793
-0.6561388343890793
-0.6561388343890793
-0.6561388343890793
-0.6561388343890793
-0.6561388343890793
-0.6561388343890793
-0.6561388343890793
-0.6561388343890793
-0.6561388343890793
-0.6561388343890793
-0.6561388343890793
-0.6561388343890793
-0.6561388343890793
-0.6561388343890793
-0.6561388343890793
-0.6561388343890793
-0.6561388343890793
-0.6561388343890793
-0.6561388343890793
-0.6561388343890793
-0.6561388343890793
-0.6561388343890793
-0.6561388343890793
-0.6561388343890793
-0.6561388343890793
-0.6561388343890793
-0.6561388343890793
-0.6561388343890793
-0.6561388343890793
-0.6561388343890793
-0.6561388343890793
-0.6561388343890793
-0.6561388343890793
-0.6561388343890793
-0.6561388343890793
-0.6561388343890793
-0.6561388343890793
-0.6561388343890793
-0.6561388343890793
-0.6561388343890793
-0.6561388343890793
-0.6561388343890793
-0.6561388343890793
-0.6561388343890793
-0.6561388343890793
-0.6561388343890793
-0.6561388343890793
-0.6561388343890793
-0.6561388343890793
-0.6561388343890793
-0.6561388343890793
-0.6561388343890793
-0.6561388343890793
-0.6561388343890793
-0.6561388343890793
-0.6561388343890793
-0.6561388343890793
-0.6561388343890793
-0.6561388343890793
-0.6561388343890793
-0.6561388343890793
-0.6561388343890793
-0.6561388343890793
-0.6561388343890793
-0.6561388343890793
-0.6561388343890793
-0.6561388343890793
-0.6561388343890793
-0.6561388343890793
-0.6561388343890793
-0.6561388343890793
-0.6561388343890793
-0.6561388343890793
-0.6561388343890793
-0.6561388343890793
-0.6561388343890793
-0.6561388343890793
-0.6561388343890793
-0.6561388343890793
-0.6561388343890793
-0.6561388343890793
-0.6561388343890793
-0.6561388343890793
-0.6561388343890793
-0.6561388343890793
-0.6561388343890793
-0.6561388343890793
-0.6561388343890793
-0.6561388343890793
-0.6561388343890793
-0.6561388343890793
-0.6561388343890793
-0.6561388343890793
-7.821744419883748
-3.9964473132210587
-6.209068910036029
-6.987283937425045
-5.835409940476292
-6.927296849442621
-6.016015180427568
-2.6285431801838484
-4.383378561241864
-7.7787375082071515
-1.4745930408139938
-6.214082922235186
-0.8493483697250875
-0.8944682291416135
-0.7957154892070091
-0.4125441766282671
-0.45601117614313025
-1.1598970149143515
-0.8108842073968469
-0.49216222555714717
-4.615296701966577
-0.4705516407463638
-0.3582621412513473
-0.9316567636780367
-4.290960569084669
-2.1150583433992973
-1.7498445550483275
-9.197052549926832
-9.98580704870359
-2.796219256534462
-2.205344978049577
-37.94213150339504
-37.97690420636193
-35.95225852621691
-36.763606375667514
-38.54965409208109
-36.051885814573126
-27.75790401800091
-15.863256422453745
-41.21722499144234
-6.750333001092676
-4.760469598458499
-4.476638437684886
-4.600739003436494
-2.2404866745401417
-2.141573667783332
-2.66985117748695
-0.45436045712706286
-3.288413193320902
-4.052428926532074
-3.7359984245913838
-15.009566655987115
-2.023643685707488
-2.104035467036829
-1.6867107890640263
-2.00353093024284
-10.831581242464654
-7.381470812229258
-15.880824502688116
-25.9457047298402
-52.475139923787395
-54.77572818733084
-56.5650524329891
-57.315413462394766
-29.331545047563854
-34.309210169449905
-40.71607358484162
-32.27463408505728
-17.83687052958183
-4.676407686425464
-4.350509587195461
-1.4493145853064786
-1.6892584276112688
-1.520435283056826
-1.2533306139511315
-0.9163410798136001
-1.0457912087652268
-16.91991847876338
-4.559914463675534
-0.5207623067839866
-0.6108114491731911
-0.5961587663359094
-0.7577373948796711
-1.6114661263283527
-2.20411239098505
-23.596017801927065
-6.6577579341088375
-12.524804786494531
-27.451583835388902
-4.648571984789063
-3.4106421868896204
-7.335776374200505
-0.36209655081334213
-0.3723648196918538
-0.4416119535395548
-0.4237698241374973
-0.4301953952799895
-0.49038248754508146
-0.452311101339102
-0.46345981798221714
-0.3894382485521076
-0.3894382485521076
-0.3894382485521076
-0.3894382485521076
-0.3894382485521076
-0.3894382485521076
-0.3894382485521076
-0.3894382485521076
-0.3894382485521076
-0.3894382485521076
-0.3894382485521076
-0.3894382485521076
-0.3894382485521076
-0.3894382485521076
-0.3894382485521076
-0.3894382485521076
-0.3894382485521076
-0.3894382485521076
-0.3894382485521076
-0.3894382485521076
-0.3894382485521076
-0.3894382485521076
-0.3894382485521076
-0.3894382485521076
-0.3894382485521076
-0.3894382485521076
-0.3894382485521076
-0.3894382485521076
-0.3894382485521076
-0.3894382485521076
-0.3894382485521076
-0.3894382485521076
-0.3894382485521076
-0.3894382485521076
-0.3894382485521076
-0.3894382485521076
-0.3894382485521076
-0.3894382485521076
-0.3894382485521076
-0.3894382485521076
-0.3894382485521076
-0.3894382485521076
-0.3894382485521076
-0.3894382485521076
-0.3894382485521076
-0.3894382485521076
-0.3894382485521076
-0.3894382485521076
-0.3894382485521076
-0.3894382485521076
-0.3894382485521076
-0.3894382485521076
-0.3894382485521076
-0.3894382485521076
-0.3894382485521076
-0.3894382485521076
-0.3894382485521076
-0.3894382485521076
-0.3894382485521076
-0.3894382485521076
-0.3894382485521076
-0.3894382485521076
-0.3894382485521076
-0.3894382485521076
-0.3894382485521076
-0.3894382485521076
-0.3894382485521076
-0.3894382485521076
-0.3894382485521076
-0.3894382485521076
-0.3894382485521076
-0.3894382485521076
-0.3894382485521076
-0.3894382485521076
-0.3894382485521076
-0.3894382485521076
-0.3894382485521076
-0.3894382485521076
-0.3894382485521076
-0.3894382485521076
-0.3894382485521076
-0.3894382485521076
-0.3894382485521076
-0.3894382485521076
-0.3894382485521076
-0.3894382485521076
-0.3894382485521076
-0.3894382485521076
-0.3894382485521076
-0.3894382485521076
-0.3894382485521076
-0.3894382485521076
-0.3894382485521076
-0.3894382485521076
-0.3894382485521076
-0.3894382485521076
-0.3894382485521076
-0.3894382485521076
-0.3894382485521076
-0.3894382485521076
-0.42269094128720175
-1.3529023082531288
-1.564076248348273
-0.647334104788969
-5.452829778705562
-3.002175138638894
-2.059419867561292
-2.7040409550652384
-4.0540872908363275
-3.896976514767375
-0.8617894240841606
-10.471782136163013
-0.8581693057109349
-0.49605360320381436
-0.5017728296329216
-0.6055149932897569
-0.6328662565019036
-0.5519321277698885
-0.4415500024539475
-0.5008988640732643
-0.4717932568577896
-0.42837136624534644
-0.39511055433840897
-0.42860874701313034
-0.3833373053254193
-0.33069709410003045
-0.3904595489376808
-0.42806690412787485
-0.6368250849763846
-1.286210069722589
-0.8291991074311598
-0.5465207511419168
-0.4369170604130614
-0.38581177926140736
-0.3913483834634667
-0.34316316452496287
-0.32289444943548656
-0.3559404993704981
-0.3609211787260357
-0.43754209648855996
-0.42915220186080605
-0.5552879656609441
-0.5464923622922558
-0.5879603888352432
-0.778423868480376
-0.7052298405498106
-0.5361352188158937
-0.8506819996552234
-1.1694807042105337
-10.621756222343762
-27.965271961106435
-65.08811880829755
-57.19574060227017
-21.559411919139222
-0.5059341255141069
-0.5292166503536636
-0.5811642933733445
-0.4431054505048007
-0.5319661359152181
-0.5022423128548743
-0.5983845553602752
-0.8769841500310513
-0.9114543279780304
-1.981492872620282
-1.9738738075638314
-1.8863621822973067
-1.695062577025836
-0.6203395283869554
-0.7987809835754155
-0.5994186373068867
-0.3791271840139108
-0.3958477244221513
-0.3584752631070058
-0.3954638700526479
-0.469622161306852
-0.5100380287242039
-0.47825187112260104
-0.5101656080340551
-0.5341024124645187
-19.247415591391828
-18.607506447802898
-17.61588316367171
-6.710662378678752
-5.248606820383637
-10.737982676950695
-8.562672282574761
-1.1872793630025094
-1.0523376292000632
-0.653066038885799
-0.48136364259607506
-0.5882145212489629
-0.5863350688959568
-0.7171850315688053
-0.5359364031044971
-0.490543570871911
-0.3716437709240205
-0.4216446919768609
-0.5013574658834321
-0.36713141363832436
-0.42029652020806724
-0.43493565335744144
-0.43493565335744144
-0.43493565335744144
-0.43493565335744144
-0.43493565335744144
-0.43493565335744144
-0.43493565335744144
-0.43493565335744144
-0.43493565335744144
-0.43493565335744144
-0.43493565335744144
-0.43493565335744144
-0.43493565335744144
-0.43493565335744144
-0.43493565335744144
-0.43493565335744144
-0.43493565335744144
-0.43493565335744144
-0.43493565335744144
-0.43493565335744144
-0.43493565335744144
-0.43493565335744144
-0.43493565335744144
-0.43493565335744144
-0.43493565335744144
-0.43493565335744144
-0.43493565335744144
-0.43493565335744144
-0.43493565335744144
-0.43493565335744144
-0.43493565335744144
-0.43493565335744144
-0.43493565335744144
-0.43493565335744144
-0.43493565335744144
-0.43493565335744144
-0.43493565335744144
-0.43493565335744144
-0.43493565335744144
-0.43493565335744144
-0.43493565335744144
-0.43493565335744144
-0.43493565335744144
-0.43493565335744144
-0.43493565335744144
-0.43493565335744144
-0.43493565335744144
-0.43493565335744144
-0.43493565335744144
-0.43493565335744144
-0.43493565335744144
-0.43493565335744144
-0.43493565335744144
-0.43493565335744144
-0.43493565335744144
-0.43493565335744144
-0.43493565335744144
-0.43493565335744144
-0.43493565335744144
-0.43493565335744144
-0.43493565335744144
-0.43493565335744144
-0.43493565335744144
-0.43493565335744144
-0.43493565335744144
-0.43493565335744144
-0.43493565335744144
-0.43493565335744144
-0.43493565335744144
-0.43493565335744144
-0.43493565335744144
-0.43493565335744144
-0.43493565335744144
-0.43493565335744144
-0.43493565335744144
-0.43493565335744144
-0.43493565335744144
-0.43493565335744144
-0.43493565335744144
-0.43493565335744144
-0.43493565335744144
-0.43493565335744144
-0.43493565335744144
-0.43493565335744144
-0.43493565335744144
-0.43493565335744144
-0.43493565335744144
-0.43493565335744144
-0.43493565335744144
-0.43493565335744144
-0.43493565335744144
-0.43493565335744144
-0.43493565335744144
-0.43493565335744144
-0.43493565335744144
-0.43493565335744144
-0.43493565335744144
-0.43493565335744144
-0.43493565335744144
-0.43493565335744144
-0.31650155501395144
-0.32339809569964867
-0.3028221328559357
-0.3394444716095973
-0.35647907041915755
-0.31321492922054395
-0.29979905923729544
-0.3669250334639397
-0.3358780961334491
-0.3054056132203889
-0.24591183910201242
-0.28458084694891295
-0.31519636630413533
-0.3695457281212032
-0.3919188584050303
-0.30932888240325307
-0.40485201613822164
-0.3709901020033784
-0.4024698798131051
-0.34830034281935346
-0.35557125132066286
-0.3848409263875625
-0.3158436473584588
-0.33907114728934373
-0.3165162947030017
-0.38341688896846726
-0.3199401722253988
-0.35228506868906073
-0.29426181848695254
-0.23593166730327692
-0.3558614250886857
-0.914484360430738
-1.5866453304603112
-0.5758818800513632
-1.1370285538953502
-0.3888846966819948
-5.269352855127582
-0.485953408538324
-0.4044518464805272
-0.42206055095741546
-1.0278444989009714
-0.8841072418104923
-0.8847286024253384
-0.5700604025986776
-0.8502706429522826
-0.7398592588952703
-0.5721019915921278
-0.5847759342081895
-0.5972789013621305
-0.8331592864985677
-0.5972277417054205
-0.5433405520674659
-0.48418275985776194
-0.6008315266812172
-0.5816019030686277
-0.6985254759987374
-0.92006950774713
-0.471069173453258
-1.3613615722689631
-1.9886402036759072
-1.744758860938285
-1.2460545883322727
-0.5859308024802354
-0.589773553224615
-0.3757767345516005
-0.41151842898928925
-0.42842099209216644
-1.0485228627395888
-0.42560877592746194
-0.39761279021951323
-0.587522226833455
-0.5859974591436462
-0.36146993713587056
-0.36352915445115014
-0.4095670702555859
-0.47406997942195817
-0.5796170432911683
-0.46784932200205653
-0.4252468943816727
-1.123700969905948
-1.1458773847129162
-2.9695212235526767
-0.6984713306187285
-0.6095937731396861
-0.4859839506004485
-0.5666101588708702
-0.5359133511900347
-0.5668927613461977
-0.5053644831519597
-0.5572369643897084
-0.5772984228487381
-0.5563197805343278
-0.4983827832001837
-0.489164159771496
-7.4311384903653765
-0.3906402654444065
-0.5317543956660973
-0.5137949489568102
-0.6180537377012721
-0.5749824547572401
-0.3160020258745048
-0.3160020258745048
-0.3160020258745048
-0.3160020258745048
-0.3160020258745048
-0.3160020258745048
-0.3160020258745048
-0.3160020258745048
-0.3160020258745048
-0.3160020258745048
-0.3160020258745048
-0.3160020258745048
-0.3160020258745048
-0.3160020258745048
-0.3160020258745048
-0.3160020258745048
-0.3160020258745048
-0.3160020258745048
-0.3160020258745048
-0.3160020258745048
-0.3160020258745048
-0.3160020258745048
-0.3160020258745048
-0.3160020258745048
-0.3160020258745048
-0.3160020258745048
-0.3160020258745048
-0.3160020258745048
-0.3160020258745048
-0.3160020258745048
-0.3160020258745048
-0.3160020258745048
-0.3160020258745048
-0.3160020258745048
-0.3160020258745048
-0.3160020258745048
-0.3160020258745048
-0.3160020258745048
-0.3160020258745048
-0.3160020258745048
-0.3160020258745048
-0.3160020258745048
-0.3160020258745048
-0.3160020258745048
-0.3160020258745048
-0.3160020258745048
-0.3160020258745048
-0.3160020258745048
-0.3160020258745048
-0.3160020258745048
-0.3160020258745048
-0.3160020258745048
-0.3160020258745048
-0.3160020258745048
-0.3160020258745048
-0.3160020258745048
-0.3160020258745048
-0.3160020258745048
-0.3160020258745048
-0.3160020258745048
-0.3160020258745048
-0.3160020258745048
-0.3160020258745048
-0.3160020258745048
-0.3160020258745048
-0.3160020258745048
-0.3160020258745048
-0.3160020258745048
-0.3160020258745048
-0.3160020258745048
-0.3160020258745048
-0.3160020258745048
-0.3160020258745048
-0.3160020258745048
-0.3160020258745048
-0.3160020258745048
-0.3160020258745048
-0.3160020258745048
-0.3160020258745048
-0.3160020258745048
-0.3160020258745048
-0.3160020258745048
-0.3160020258745048
-0.3160020258745048
-0.3160020258745048
-0.3160020258745048
-0.3160020258745048
-0.3160020258745048
-0.3160020258745048
-0.3160020258745048
-0.3160020258745048
-0.3160020258745048
-0.3160020258745048
-0.3160020258745048
-0.3160020258745048
-0.3160020258745048
-0.3160020258745048
-0.3160020258745048
-0.3160020258745048
-0.3160020258745048
-0.39813057187197626
-0.34150708435769794
-0.4292415571741475
-0.5468009612840304
-0.44906970026296394
-4.723357456891121
-0.614497048666434
-0.55970135687832
-0.6318638145588256
-0.7481102777089534
-0.6287607086180932
-0.6316204473550167
-0.559918413380304
-0.5170344845349925
-0.5720613535784957
-0.521746688888227
-0.504529636927172
-0.5303981881174551
-0.3497305101044906
-0.4675243783725315
-0.4101132843974017
-0.4411256866546698
-0.7133710707053056
-0.8204059847501214
-0.5401419460110423
-0.5454261985837215
-0.5397326669109934
-0.6875263095620494
-1.1163599337500205
-2.925680700826684
-0.4217784610720667
-3.1105314579629457
-1.7677033228469359
-2.811751840416762
-0.9760775079863087
-0.39604228798953756
-0.4297563587144259
-0.38601645502436166
-0.41685088617808475
-0.4713067614710899
-0.5435171459734652
-15.70382619461935
-0.47033281170733454
-0.4383400999554332
-0.422411449043137
-0.4903251445863195
-2.402933152911898
-0.39938841264319114
-0.34134841706923136
-0.45212116989738593
-0.47206477594953977
-0.4714243479613065
-0.47953806236471724
-0.4595536381746985
-0.4642381425712233
-0.529442681240684
-0.4303668717825385
-0.43041411585640527
-0.36805749698947077
-0.41588585341764206
-0.4363407775912315
-0.39476511268411096
-0.391926907026738
-0.51472655654391
-0.5446579363078045
-0.5413396085655818
-0.6417990851469442
-0.5104391424920552
-0.46542266751482336
-0.43678078618895116
-0.5539542990741608
-0.44946031846853035
-0.43720449356909474
-0.4867389673757408
-0.5191897239285612
-0.5548557890589161
-0.48386478633715346
-0.3774601154705267
-0.4339791039631918
-0.47252585762066307
-0.47261662334825827
-0.5532500637058924
-0.5590604470010376
-0.532472140084044
-0.4073488474698313
-0.5040473083653176
-0.49646445869779343
-0.5159649435136412
-0.4967796205215794
-0.4064291282585705
-0.4705371705583782
-0.39874868620585435
-0.3976141888191355
-0.40013695187320836
-0.46636532078491105
-0.48018892192770457
-0.5624273625386327
-0.5612327719537158
-6.5332410166714885
-0.42897825644633003
-0.40258567103209264
-0.40258567103209264
-0.40258567103209264
-0.40258567103209264
-0.40258567103209264
-0.40258567103209264
-0.40258567103209264
-0.40258567103209264
-0.40258567103209264
-0.40258567103209264
-0.40258567103209264
-0.40258567103209264
-0.40258567103209264
-0.40258567103209264
-0.40258567103209264
-0.40258567103209264
-0.40258567103209264
-0.40258567103209264
-0.40258567103209264
-0.40258567103209264
-0.40258567103209264
-0.40258567103209264
-0.40258567103209264
-0.40258567103209264
-0.40258567103209264
-0.40258567103209264
-0.40258567103209264
-0.40258567103209264
-0.40258567103209264
-0.40258567103209264
-0.40258567103209264
-0.40258567103209264
-0.40258567103209264
-0.40258567103209264
-0.40258567103209264
-0.40258567103209264
-0.40258567103209264
-0.40258567103209264
-0.40258567103209264
-0.40258567103209264
-0.40258567103209264
-0.40258567103209264
-0.40258567103209264
-0.40258567103209264
-0.40258567103209264
-0.40258567103209264
-0.40258567103209264
-0.40258567103209264
-0.40258567103209264
-0.40258567103209264
-0.40258567103209264
-0.40258567103209264
-0.40258567103209264
-0.40258567103209264
-0.40258567103209264
-0.40258567103209264
-0.40258567103209264
-0.40258567103209264
-0.40258567103209264
-0.40258567103209264
-0.40258567103209264
-0.40258567103209264
-0.40258567103209264
-0.40258567103209264
-0.40258567103209264
-0.40258567103209264
-0.40258567103209264
-0.40258567103209264
-0.40258567103209264
-0.40258567103209264
-0.40258567103209264
-0.40258567103209264
-0.40258567103209264
-0.40258567103209264
-0.40258567103209264
-0.40258567103209264
-0.40258567103209264
-0.40258567103209264
-0.40258567103209264
-0.40258567103209264
-0.40258567103209264
-0.40258567103209264
-0.40258567103209264
-0.40258567103209264
-0.40258567103209264
-0.40258567103209264
-0.40258567103209264
-0.40258567103209264
-0.40258567103209264
-0.40258567103209264
-0.40258567103209264
-0.40258567103209264
-0.40258567103209264
-0.40258567103209264
-0.40258567103209264
-0.40258567103209264
-0.40258567103209264
-0.40258567103209264
-0.40258567103209264
-0.40258567103209264
-0.383155201158924
-0.3674532098148632
-6.12573747651476
-0.4976934702498584
-0.45118544038402447
-0.45525369359018064
-0.4548116918223817
-0.413643149436905
-0.4577151206430317
-0.45827451338676317
-0.41129388935588207
-8.97288595546936
-0.4396372845645754
-0.48803141973506586
-0.72631948588844
-0.44870071015953805
-0.40719337326794025
-0.5742472888134745
-0.4240234809914213
-0.5490176055485455
-0.5830054428151737
-0.5993864494731558
-0.41650675190664727
-0.5047043927610669
-0.6514656813351868
-0.5467437129300863
-0.4717871388416481
-0.4141296772222124
-0.45224245781313965
-1.3511079759920894
-1.1146773395314353
-0.8178907985995272
-3.742770461001344
-0.7327050713701388
-0.6600759634086768
-0.5367837427339135
-0.5850347156969167
-0.8556427248209777
-0.4767264205122619
-0.6339203192115875
-0.8942596995513363
-0.9385124491947601
-1.482310679283637
-0.6568027871563571
-1.2120507552633548
-0.6919283675474722
-0.7328471623680086
-0.870100843517996
-0.6770236563784946
-0.9270931265278329
-0.9122210073806921
-0.8251483928864989
-0.7131529071551008
-1.08603815415534
-0.9603380264119425
-1.208327947571691
-1.0316462512876223
-0.8751215698727562
-0.7395190450758308
-0.8088601728964709
-0.9567287756855468
-0.7127278016539684
-0.6125549154537124
-0.7763757550790136
-0.542498724700599
-0.8222832206853986
-0.928622831274953
-0.5214794882408667
-0.5671454629632848
-0.5956526140282443
-31.781666930803034
-0.6933147683033843
-0.4762964441933146
-0.39754921855278624
-0.36556200399478206
-0.398913903574007
-0.32225725621477674
-0.4213851046079806
-0.5148211286123763
-0.31785401865727836
-0.3519301320287794
-0.25693397920244043
-0.2887632942683621
-0.27423266611796954
-0.34966208044988467
-0.2562913012365915
-0.2702827333850115
-0.3463323583996862
-0.38664694675240774
-0.3850549276995985
-0.30474922083908745
-0.2615976319238199
-0.22342593489250995
-0.3393470923644497
-0.33907112623093694
-0.31874669540285755
-0.25071905752529666
-0.359170346727005
-0.40047170278379557
-0.349898041627238
-0.3580259748590816
-0.3580259748590816
-0.3580259748590816
-0.3580259748590816
-0.3580259748590816
-0.3580259748590816
-0.3580259748590816
-0.3580259748590816
-0.3580259748590816
-0.3580259748590816
-0.3580259748590816
-0.3580259748590816
-0.3580259748590816
-0.3580259748590816
-0.3580259748590816
-0.3580259748590816
-0.3580259748590816
-0.3580259748590816
-0.3580259748590816
-0.3580259748590816
-0.3580259748590816
-0.3580259748590816
-0.3580259748590816
-0.3580259748590816
-0.3580259748590816
-0.3580259748590816
-0.3580259748590816
-0.3580259748590816
-0.3580259748590816
-0.3580259748590816
-0.3580259748590816
-0.3580259748590816
-0.3580259748590816
-0.3580259748590816
-0.3580259748590816
-0.3580259748590816
-0.3580259748590816
-0.3580259748590816
-0.3580259748590816
-0.3580259748590816
-0.3580259748590816
-0.3580259748590816
-0.3580259748590816
-0.3580259748590816
-0.3580259748590816
-0.3580259748590816
-0.3580259748590816
-0.3580259748590816
-0.3580259748590816
-0.3580259748590816
-0.3580259748590816
-0.3580259748590816
-0.3580259748590816
-0.3580259748590816
-0.3580259748590816
-0.3580259748590816
-0.3580259748590816
-0.3580259748590816
-0.3580259748590816
-0.3580259748590816
-0.3580259748590816
-0.3580259748590816
-0.3580259748590816
-0.3580259748590816
-0.3580259748590816
-0.3580259748590816
-0.3580259748590816
-0.3580259748590816
-0.3580259748590816
-0.3580259748590816
-0.3580259748590816
-0.3580259748590816
-0.3580259748590816
-0.3580259748590816
-0.3580259748590816
-0.3580259748590816
-0.3580259748590816
-0.3580259748590816
-0.3580259748590816
-0.3580259748590816
-0.3580259748590816
-0.3580259748590816
-0.3580259748590816
-0.3580259748590816
-0.3580259748590816
-0.3580259748590816
-0.3580259748590816
-0.3580259748590816
-0.3580259748590816
-0.3580259748590816
-0.3580259748590816
-0.3580259748590816
-0.3580259748590816
-0.3580259748590816
-0.3580259748590816
-0.3580259748590816
-0.3580259748590816
-0.3580259748590816
-0.3580259748590816
-0.3580259748590816
-0.3432471896772072
-0.3710874753239727
-0.46431853949261837
-0.40549854033086924
-0.34745001436546924
-0.34465695966975246
-0.4095573008109223
-0.40799879108974657
-0.3490379653227236
-0.22059511546796576
-0.27241488985894274
-0.3342141197734547
-0.2738384415732341
-0.3057286379686738
-0.2942311746638421
-0.3126559860938227
-0.31887393059205255
-0.4363035277092631
-0.45277355717126316
-0.4523197833755409
-0.3471570057434321
-31.15852610321926
-0.3686387262314824
-0.3808764606764176
-0.27477193223167234
-0.2633769946861963
-0.27617963474208307
-0.29881463576106887
-0.3533281939104168
-0.421453071681441
-0.3938171401491977
-0.36118252767616077
-0.3582624185686842
-0.3371279470755666
-0.4095880513715432
-0.476101306714043
-0.40933035518861405
-0.48476192632943144
-0.5222470352842775
-0.42858050966260947
-0.583781663538783
-0.6560627773817274
-0.7136432202323888
-12.351008326958675
-0.4018904460989012
-0.37854303593330096
-0.3855209226429874
-0.2814661233826426
-0.31923896221863163
-0.5839321165465947
-0.9340984737333975
-0.4404692183010863
-0.2428865653278817
-0.2726392246967824
-0.3915588063611206
-0.5518920060454489
-0.4398026996065477
-0.39959568724896366
-0.3704589699505803
-0.29763641230592736
-0.44719355179352926
-0.6070108011640116
-0.2908571452628043
-0.3533497833787398
-0.28837016057022946
-0.28120474227320336
-0.368532033525166
-0.6180461468520022
-0.3686229124533985
-0.3531961675840939
-1.5194428130870954
-0.649475824434544
-0.9756686352943668
-0.835038575407844
-0.5979012961727972
-0.37030722333893257
-0.30852478257326943
-0.2689465979641469
-0.2599025687229341
-0.29572169778590274
-0.32910854098645254
-0.5925714250105162
-0.4606421842174927
-0.6121281160091592
-0.6370586999711155
-0.5635168523033544
-0.510805966777917
-0.43568264145807567
-0.42480607941312554
-0.41950812292352535
-0.5358836540350089
-0.5716897458521691
-0.44406569815978364
-0.5588956144286432
-0.4675016476693812
-0.5437652961590111
-0.3643617319703306
-0.4361237994371486
-0.6014155119318502
-0.6108518354388202
-0.3344927254459862
-0.3344927254459862
-0.3344927254459862
-0.3344927254459862
-0.3344927254459862
-0.3344927254459862
-0.3344927254459862
-0.3344927254459862
-0.3344927254459862
-0.3344927254459862
-0.3344927254459862
-0.3344927254459862
-0.3344927254459862
-0.3344927254459862
-0.3344927254459862
-0.3344927254459862
-0.3344927254459862
-0.3344927254459862
-0.3344927254459862
-0.3344927254459862
-0.3344927254459862
-0.3344927254459862
-0.3344927254459862
-0.3344927254459862
-0.3344927254459862
-0.3344927254459862
-0.3344927254459862
-0.3344927254459862
-0.3344927254459862
-0.3344927254459862
-0.3344927254459862
-0.3344927254459862
-0.3344927254459862
-0.3344927254459862
-0.3344927254459862
-0.3344927254459862
-0.3344927254459862
-0.3344927254459862
-0.3344927254459862
-0.3344927254459862
-0.3344927254459862
-0.3344927254459862
-0.3344927254459862
-0.3344927254459862
-0.3344927254459862
-0.3344927254459862
-0.3344927254459862
-0.3344927254459862
-0.3344927254459862
-0.3344927254459862
-0.3344927254459862
-0.3344927254459862
-0.3344927254459862
-0.3344927254459862
-0.3344927254459862
-0.3344927254459862
-0.3344927254459862
-0.3344927254459862
-0.3344927254459862
-0.3344927254459862
-0.3344927254459862
-0.3344927254459862
-0.3344927254459862
-0.3344927254459862
-0.3344927254459862
-0.3344927254459862
-0.3344927254459862
-0.3344927254459862
-0.3344927254459862
-0.3344927254459862
-0.3344927254459862
-0.3344927254459862
-0.3344927254459862
-0.3344927254459862
-0.3344927254459862
-0.3344927254459862
-0.3344927254459862
-0.3344927254459862
-0.3344927254459862
-0.3344927254459862
-0.3344927254459862
-0.3344927254459862
-0.3344927254459862
-0.3344927254459862
-0.3344927254459862
-0.3344927254459862
-0.3344927254459862
-0.3344927254459862
-0.3344927254459862
-0.3344927254459862
-0.3344927254459862
-0.3344927254459862
-0.3344927254459862
-0.3344927254459862
-0.3344927254459862
-0.3344927254459862
-0.3344927254459862
-0.3344927254459862
-0.3344927254459862
-0.3344927254459862
-0.4737416805608185
-0.4184094582368566
-0.42982092778912856
-0.5445006309590297
-0.5764012538603277
-0.34602262989310023
-0.4275040778738259
-0.38312003491816277
-0.4471177565316346
-0.2647675396185967
-0.2964878766594503
-0.2723829227558735
-0.2553321939342824
-0.29347647923177006
-0.2746170126031212
-0.34412429055333477
-0.29771764136719925
-0.3235659380531124
-0.30414396321768383
-0.2952228084007769
-16.235371879166856
-0.34029795765478593
-0.3465859853226545
-0.5036207695351035
-0.5407077452667115
-1.7767427547589656
-0.4007641067965677
-0.43743133059293465
-0.48709372497269493
-0.45444709996068067
-0.47924233538079175
-0.5215062035110026
-0.49224322534700066
-0.4283182903950001
-0.487697323415075
-0.43102776464687026
-0.47759442360031223
-0.3259263555935151
-0.37641205833932806
-0.4252568384041724
-0.5307039516143838
-0.5806306136763583
-0.5228005239450578
-1.202559648114052
-3.945418950267251
-0.9747892882642389
-0.6646019611328042
-4.290431019323493
-7.134825651395185
-67.6631909667326
-1.9586775895185693
-2.5235690079922493
-1.2360522339146751
-0.36559406492261354
-0.43654176135927814
-0.34140656524841867
-0.39454779961340775
-0.6179804608513039
-0.8890029143763137
-0.5021277531672746
-0.4614203748976953
-0.6707556831450143
-0.524599156689594
-0.8310760730891265
-1.0940585912669571
-1.3570707765867744
-1.0895601538669304
-0.7992351171882743
-0.6805629302255732
-2.3954309276973946
-1.3070093636124658
-0.9154346138703773
-0.8606566115187779
-0.6445399353624107
-0.5358482899880934
-0.9774328591809484
-0.48297923390320785
-0.4051624645524232
-0.4422647782375235
-0.4533618085719877
-0.5780904683424595
-0.43160751757388477
-0.41969687966975805
-0.5790595077286522
-0.563185199022908
-0.5153932372477125
-0.5769950286973727
-0.7173566002515578
-0.7386047816802959
-5.803612642523914
-0.7212557987480994
-6.156600358413211
-0.31270204940249774
-0.3419185023597305
-0.3870843994378849
-0.4424230576252706
-0.565455753586406
-0.6275136932885558
-0.5788051999721457
-0.5957500569582512
-0.5979306673011996
-0.5979306673011996
-0.5979306673011996
-0.5979306673011996
-0.5979306673011996
-0.5979306673011996
-0.5979306673011996
-0.5979306673011996
-0.5979306673011996
-0.5979306673011996
-0.5979306673011996
-0.5979306673011996
-0.5979306673011996
-0.5979306673011996
-0.5979306673011996
-0.5979306673011996
-0.5979306673011996
-0.5979306673011996
-0.5979306673011996
-0.5979306673011996
-0.5979306673011996
-0.5979306673011996
-0.5979306673011996
-0.5979306673011996
-0.5979306673011996
-0.5979306673011996
-0.5979306673011996
-0.5979306673011996
-0.5979306673011996
-0.5979306673011996
-0.5979306673011996
-0.5979306673011996
-0.5979306673011996
-0.5979306673011996
-0.5979306673011996
-0.5979306673011996
-0.5979306673011996
-0.5979306673011996
-0.5979306673011996
-0.5979306673011996
-0.5979306673011996
-0.5979306673011996
-0.5979306673011996
-0.5979306673011996
-0.5979306673011996
-0.5979306673011996
-0.5979306673011996
-0.5979306673011996
-0.5979306673011996
-0.5979306673011996
-0.5979306673011996
-0.5979306673011996
-0.5979306673011996
-0.5979306673011996
-0.5979306673011996
-0.5979306673011996
-0.5979306673011996
-0.5979306673011996
-0.5979306673011996
-0.5979306673011996
-0.5979306673011996
-0.5979306673011996
-0.5979306673011996
-0.5979306673011996
-0.5979306673011996
-0.5979306673011996
-0.5979306673011996
-0.5979306673011996
-0.5979306673011996
-0.5979306673011996
-0.5979306673011996
-0.5979306673011996
-0.5979306673011996
-0.5979306673011996
-0.5979306673011996
-0.5979306673011996
-0.5979306673011996
-0.5979306673011996
-0.5979306673011996
-0.5979306673011996
-0.5979306673011996
-0.5979306673011996
-0.5979306673011996
-0.5979306673011996
-0.5979306673011996
-0.5979306673011996
-0.5979306673011996
-0.5979306673011996
-0.5979306673011996
-0.5979306673011996
-0.5979306673011996
-0.5979306673011996
-0.5979306673011996
-0.5979306673011996
-0.5979306673011996
-0.5979306673011996
-0.5979306673011996
-0.5979306673011996
-0.5979306673011996
-0.5979306673011996
-0.5988444609552185
-1.225660941056149
-0.56976604587391
-6.4440794191655515
-29.59718660695855
-0.5714674981943767
-0.979067094297721
-1.4546759452944455
-1.3437088454261772
-0.4602755019279041
-0.9330444142075732
-0.9053987780568676
-0.8262172086327154
-13.900407099963545
-0.3861811948928947
-0.44948378789582694
-0.4381322741485608
-0.3510132975170793
-0.29964626997947724
-0.3482821590276056
-0.3575647682622796
-0.3243127873442126
-0.32735730001623986
-0.37228367483836633
-0.5052806759182833
-0.47638941391124123
-4.378945517051522
-6.706526319841711
-25.110283654109878
-0.3515934924473545
-0.3712798290330799
-0.44100090597944425
-0.439717100320707
-0.38960531323192094
-0.4099321754145775
-0.437442782236165
-0.4207351395472428
-0.43365784610523694
-0.3437753495557624
-0.3384910750102712
-0.3736592014508354
-0.40333804973387766
-0.4301005914529163
-0.35453611697449416
-0.32509609875699313
-0.39920301999873536
-0.3322779156687421
-0.3105235735090808
-0.3172831888427291
-0.33060762583144687
-0.3719193845226364
-0.36248082108394475
-0.27933631672657167
-0.326573974747899
-0.45002966225922425
-0.45051656908086163
-0.32917698193114875
-0.33600184483559653
-0.5489294205173694
-0.4834887865184868
-0.3251531098962116
-0.33099278192542164
-0.3382645018573419
-0.3412947483758923
-0.4377772812141357
-0.5054283025394871
-0.3513537590408644
-0.3414431601348382
-0.3311188059080321
-0.40549661008236326
-0.3792600616085183
-0.3122041648378151
-0.2926916502400957
-0.35102663157206565
-0.2567234388368214
-0.3088314272102234
-0.2936515743347856
-0.30742849183855225
-0.29009576355449995
-0.31214873900140006
-0.3158814053187595
-0.3378835363166623
-0.3213449004459926
-0.38716542021211586
-0.4084848735440361
-0.388768169452599
-0.356823752785849
-0.3075920595972427
-0.3446138761832089
-0.3268019921867467
-0.30538428694309583
-0.2984077197024624
-0.36085477379728015
-0.34274426944295705
-0.34096991875949967
-0.37974478578898424
-0.33428008296549205
-0.30068447843742513
-0.31847378834596496
-0.29989499129920927
-0.4005831112241213
-0.4005831112241213
-0.4005831112241213
-0.4005831112241213
-0.4005831112241213
-0.4005831112241213
-0.4005831112241213
-0.4005831112241213
-0.4005831112241213
-0.4005831112241213
-0.4005831112241213
-0.4005831112241213
-0.4005831112241213
-0.4005831112241213
-0.4005831112241213
-0.4005831112241213
-0.4005831112241213
-0.4005831112241213
-0.4005831112241213
-0.4005831112241213
-0.4005831112241213
-0.4005831112241213
-0.4005831112241213
-0.4005831112241213
-0.4005831112241213
-0.4005831112241213
-0.4005831112241213
-0.4005831112241213
-0.4005831112241213
-0.4005831112241213
-0.4005831112241213
-0.4005831112241213
-0.4005831112241213
-0.4005831112241213
-0.4005831112241213
-0.4005831112241213
-0.4005831112241213
-0.4005831112241213
-0.4005831112241213
-0.4005831112241213
-0.4005831112241213
-0.4005831112241213
-0.4005831112241213
-0.4005831112241213
-0.4005831112241213
-0.4005831112241213
-0.4005831112241213
-0.4005831112241213
-0.4005831112241213
-0.4005831112241213
-0.4005831112241213
-0.4005831112241213
-0.4005831112241213
-0.4005831112241213
-0.4005831112241213
-0.4005831112241213
-0.4005831112241213
-0.4005831112241213
-0.4005831112241213
-0.4005831112241213
-0.4005831112241213
-0.4005831112241213
-0.4005831112241213
-0.4005831112241213
-0.4005831112241213
-0.4005831112241213
-0.4005831112241213
-0.4005831112241213
-0.4005831112241213
-0.4005831112241213
-0.4005831112241213
-0.4005831112241213
-0.4005831112241213
-0.4005831112241213
-0.4005831112241213
-0.4005831112241213
-0.4005831112241213
-0.4005831112241213
-0.4005831112241213
-0.4005831112241213
-0.4005831112241213
-0.4005831112241213
-0.4005831112241213
-0.4005831112241213
-0.4005831112241213
-0.4005831112241213
-0.4005831112241213
-0.4005831112241213
-0.4005831112241213
-0.4005831112241213
-0.4005831112241213
-0.4005831112241213
-0.4005831112241213
-0.4005831112241213
-0.4005831112241213
-0.4005831112241213
-0.4005831112241213
-0.4005831112241213
-0.4005831112241213
-0.4005831112241213
-0.3475315000858167
-0.377395640379375
-0.38999350290992196
-0.2917004166684673
-0.32186744521035626
-0.3511580702393979
-0.35199218159510914
-0.2859588096701819
-0.32336108959402365
-0.2913014469062414
-0.2458281312360692
-0.33139319899721476
-0.33523783303853144
-0.35147606752802446
-0.3318335089273974
-0.29511088143438025
-0.4270182372273825
-0.3249003642040368
-0.4129392760980687
-0.39848679303165907
-0.2593756619651604
-0.26321427705572936
-0.27304335398887897
-0.31753959003288273
-0.29219753456579156
-0.31865897000672183
-0.3105331711767166
-0.37792703090473867
-0.3939627335025019
-0.3035760240671481
-0.36524473830103077
-0.3915648740462281
-0.3783564742545924
-0.3388801461372483
-0.31813632722901264
-0.34508581555772583
-0.2411511129628086
-0.26489979153594373
-0.30029586256441415
-0.3125212650898788
-0.314636464037063
-0.2999657827545124
-0.3197588009684394
-0.2671115810731332
-5.101421064356822
-0.2770589670587589
-0.27993042174856325
-0.2988776040560423
-0.28564931852556086
-0.26110419299832116
-0.2335973447611997
-0.24226026426048272
-0.2684903320153211
-0.3194499967866662
-0.30452693397536235
-0.2565267654289249
-0.270723341303028
-0.2738658681688754
-0.2549752113774747
-0.2583357226480015
-0.2786532162583341
-0.2723115732710874
-0.24153055298199
-0.26372351780299547
-0.27990751994543017
-0.26726206222642557
-0.26839683914936135
-0.25796929136014257
-0.2926655361971798
-0.27156793619208175
-0.3759706840109812
-0.44674927821562194
-0.5526439842566838
-0.3778027012423408
-0.33944882376257896
-0.2941127308785339
-0.3213953715069064
-0.4317547729607535
-0.42149862251652026
-0.37665406456729744
-0.4037585417225705
-0.49957324857285323
-0.4714522167676215
-0.3980681730091701
-0.3689040280777288
-0.49184807739799286
-0.4450466290399538
-0.46579504349634593
-0.39375957908163484
-0.4733864924310871
-0.5253248168390566
-0.5425025677988847
-0.4928254663581175
-0.41225504219610715
-41.012147164198915
-18.530620429854093
-6.641822143722657
-7.99165222061971
-0.5666567120086763
-0.7164295271154099
-0.6053969267729538
-0.6053969267729538
-0.6053969267729538
-0.6053969267729538
-0.6053969267729538
-0.6053969267729538
-0.6053969267729538
-0.6053969267729538
-0.6053969267729538
-0.6053969267729538
-0.6053969267729538
-0.6053969267729538
-0.6053969267729538
-0.6053969267729538
-0.6053969267729538
-0.6053969267729538
-0.6053969267729538
-0.6053969267729538
-0.6053969267729538
-0.6053969267729538
-0.6053969267729538
-0.6053969267729538
-0.6053969267729538
-0.6053969267729538
-0.6053969267729538
-0.6053969267729538
-0.6053969267729538
-0.6053969267729538
-0.6053969267729538
-0.6053969267729538
-0.6053969267729538
-0.6053969267729538
-0.6053969267729538
-0.6053969267729538
-0.6053969267729538
-0.6053969267729538
-0.6053969267729538
-0.6053969267729538
-0.6053969267729538
-0.6053969267729538
-0.6053969267729538
-0.6053969267729538
-0.6053969267729538
-0.6053969267729538
-0.6053969267729538
-0.6053969267729538
-0.6053969267729538
-0.6053969267729538
-0.6053969267729538
-0.6053969267729538
-0.6053969267729538
-0.6053969267729538
-0.6053969267729538
-0.6053969267729538
-0.6053969267729538
-0.6053969267729538
-0.6053969267729538
-0.6053969267729538
-0.6053969267729538
-0.6053969267729538
-0.6053969267729538
-0.6053969267729538
-0.6053969267729538
-0.6053969267729538
-0.6053969267729538
-0.6053969267729538
-0.6053969267729538
-0.6053969267729538
-0.6053969267729538
-0.6053969267729538
-0.6053969267729538
-0.6053969267729538
-0.6053969267729538
-0.6053969267729538
-0.6053969267729538
-0.6053969267729538
-0.6053969267729538
-0.6053969267729538
-0.6053969267729538
-0.6053969267729538
-0.6053969267729538
-0.6053969267729538
-0.6053969267729538
-0.6053969267729538
-0.6053969267729538
-0.6053969267729538
-0.6053969267729538
-0.6053969267729538
-0.6053969267729538
-0.6053969267729538
-0.6053969267729538
-0.6053969267729538
-0.6053969267729538
-0.6053969267729538
-0.6053969267729538
-0.6053969267729538
-0.6053969267729538
-0.6053969267729538
-0.6053969267729538
-0.6053969267729538
-0.6974765973704119
-4.412036843973362
-0.5874460440590545
-0.6109212806452239
-0.68029229979983
-0.6594728914157746
-0.7476114298361769
-0.7149278315691848
-0.7847771845892584
-0.7745704312207727
-0.6865486411850148
-0.6325204873457404
-0.6752151817858582
-0.6198140614911856
-0.5545505191638671
-0.47524582156821843
-0.4664610131649521
-0.6765884862237537
-0.8284532627418211
-0.4934949770991924
-0.5258083723373094
-0.47473286474233994
-0.520654149972008
-0.434814773876574
-0.390030640830609
-0.3681664183480171
-0.2831021568702112
-0.3699307234845872
-0.5577134780597433
-0.43902129733277395
-2.7887130780966776
-0.3732192758534685
-0.36081820649205104
-0.4089576055585481
-0.4719286271031391
-0.4356056201655163
-0.6585921423287637
-0.6576377116065832
-0.5820232944367938
-0.5914074908799073
-0.6028573961079495
-0.579733921685364
-0.5803758958300733
-0.5805038976892936
-0.42227487286694465
-0.5948346666545777
-0.6603964756826519
-0.519771347196229
-0.36571822625319383
-0.4165347399381254
-0.5701137649924493
-0.4183679962308646
-0.3644291303628458
-0.3506169078275059
-0.4304723236074182
-0.5838188783565548
-0.6966402493376032
-0.5614632265470678
-0.5542368379730322
-0.5765016132270291
-0.4757237478360703
-0.5569092863897085
-0.556510468806767
-0.5542249883334411
-0.49708721639653836
-0.4987910433604935
-0.4474506857413762
-0.4081314073962965
-0.40045858249705074
-0.47170162449658243
-0.4596252965379038
-0.40980229077317415
-0.5003909891790286
-0.4497647302815151
-0.38530477825885956
-0.41315055370610765
-0.4285154799461112
-0.5593070687657948
-0.5633887104169994
-0.513786412887923
-0.6536799599013142
-0.6720950672292375
-0.7336838262499351
-0.47947190066280493
-0.43902230095523354
-0.6791167922587537
-0.7753860156971846
-0.6730112519932919
-72.006159894675
-0.7528478805700425
-0.43264476503978166
-0.7639010606857688
-0.9259276405492703
-0.8462241334293199
-0.730111509932249
-0.7114203910664246
-0.9509433389046282
-0.6088831384566282
-0.6859374205525037
-0.5151978688204283
-0.37991955123127796
-0.37991955123127796
-0.37991955123127796
-0.37991955123127796
-0.37991955123127796
-0.37991955123127796
-0.37991955123127796
-0.37991955123127796
-0.37991955123127796
-0.37991955123127796
-0.37991955123127796
-0.37991955123127796
-0.37991955123127796
-0.37991955123127796
-0.37991955123127796
-0.37991955123127796
-0.37991955123127796
-0.37991955123127796
-0.37991955123127796
-0.37991955123127796
-0.37991955123127796
-0.37991955123127796
-0.37991955123127796
-0.37991955123127796
-0.37991955123127796
-0.37991955123127796
-0.37991955123127796
-0.37991955123127796
-0.37991955123127796
-0.37991955123127796
-0.37991955123127796
-0.37991955123127796
-0.37991955123127796
-0.37991955123127796
-0.37991955123127796
-0.37991955123127796
-0.37991955123127796
-0.37991955123127796
-0.37991955123127796
-0.37991955123127796
-0.37991955123127796
-0.37991955123127796
-0.37991955123127796
-0.37991955123127796
-0.37991955123127796
-0.37991955123127796
-0.37991955123127796
-0.37991955123127796
-0.37991955123127796
-0.37991955123127796
-0.37991955123127796
-0.37991955123127796
-0.37991955123127796
-0.37991955123127796
-0.37991955123127796
-0.37991955123127796
-0.37991955123127796
-0.37991955123127796
-0.37991955123127796
-0.37991955123127796
-0.37991955123127796
-0.37991955123127796
-0.37991955123127796
-0.37991955123127796
-0.37991955123127796
-0.37991955123127796
-0.37991955123127796
-0.37991955123127796
-0.37991955123127796
-0.37991955123127796
-0.37991955123127796
-0.37991955123127796
-0.37991955123127796
-0.37991955123127796
-0.37991955123127796
-0.37991955123127796
-0.37991955123127796
-0.37991955123127796
-0.37991955123127796
-0.37991955123127796
-0.37991955123127796
-0.37991955123127796
-0.37991955123127796
-0.37991955123127796
-0.37991955123127796
-0.37991955123127796
-0.37991955123127796
-0.37991955123127796
-0.37991955123127796
-0.37991955123127796
-0.37991955123127796
-0.37991955123127796
-0.37991955123127796
-0.37991955123127796
-0.37991955123127796
-0.37991955123127796
-0.37991955123127796
-0.37991955123127796
-0.37991955123127796
-0.37991955123127796
-0.6629828314227796
-0.5379372731794615
-0.6423822165301165
-0.5114605237526464
-0.39367247860358195
-9.249123026426695
-0.5214075511579149
-0.4732055241885742
-0.4056254517984597
-0.5561470805948721
-2.3197896802429505
-1.1389564897767723
-7.589680940588029
-0.42224800314492067
-0.48287264679016456
-3.809443460877175
-0.6781079612481888
-0.38187060281620044
-0.35377011012538606
-2.8038527361781544
-47.301848855210196
-14.751212845296424
-35.820610058350326
-88.05764404181281
-67.97892216120944
-76.66929596057864
-0.33102542983341426
-0.3319633775893869
-0.3440414653588957
-0.3433551908533627
-0.37561441553961034
-0.2972640420336205
-0.28489788241490804
-0.3982944066688486
-0.34110433760140124
-0.3436241542603348
-0.3601183978970169
-0.33818563822430453
-0.30981796194557887
-0.3585365967353583
-0.3596409714962474
-0.37250342764537425
-0.3450084123671723
-0.45064447724036616
-0.4538768929025163
-0.34574318378431934
-0.40745865836195727
-0.43746572211362167
-0.3889564201483756
-0.36949716116138304
-0.37518089605113153
-0.38573516853357265
-0.447939381599435
-0.8060256240067416
-0.6321617911565952
-0.6465935397001986
-0.7980265328186535
-43.813389802508965
-63.322257304513336
-9.673615726359158
-0.426127056523198
-0.460747471904501
-0.36103836453331173
-0.3440609485123331
-0.36729900057437653
-0.3332846382058574
-0.42289208030728365
-0.4203586889628137
-0.40703714934081064
-0.44658120769305054
-0.7848578269857052
-4.372082613113287
-0.42074269047417934
-0.47927028775140135
-0.4286311324637905
-0.35990865943721784
-0.3565970707899403
-0.38311993230898655
-0.4518249956424302
-0.40954296250432226
-0.37240877989262827
-0.4054312020894232
-0.42701130982699764
-0.42159573302417563
-0.384584401539374
-0.362725251437202
-0.39374263915232044
-0.3939602429648522
-0.49791976922771863
-0.39530149395935915
-0.30904332215439656
-0.29318382166515045
-0.4056049227370269
-0.39953148221462015
-0.36823250924679407
-0.3680085286820008
-0.3628422040077815
-0.35765840477226274
-0.3527313866133749
-0.42509992236697086
-0.6590238610332465
-0.6590238610332465
-0.6590238610332465
-0.6590238610332465
-0.6590238610332465
-0.6590238610332465
-0.6590238610332465
-0.6590238610332465
-0.6590238610332465
-0.6590238610332465
-0.6590238610332465
-0.6590238610332465
-0.6590238610332465
-0.6590238610332465
-0.6590238610332465
-0.6590238610332465
-0.6590238610332465
-0.6590238610332465
-0.6590238610332465
-0.6590238610332465
-0.6590238610332465
-0.6590238610332465
-0.6590238610332465
-0.6590238610332465
-0.6590238610332465
-0.6590238610332465
-0.6590238610332465
-0.6590238610332465
-0.6590238610332465
-0.6590238610332465
-0.6590238610332465
-0.6590238610332465
-0.6590238610332465
-0.6590238610332465
-0.6590238610332465
-0.6590238610332465
-0.6590238610332465
-0.6590238610332465
-0.6590238610332465
-0.6590238610332465
-0.6590238610332465
-0.6590238610332465
-0.6590238610332465
-0.6590238610332465
-0.6590238610332465
-0.6590238610332465
-0.6590238610332465
-0.6590238610332465
-0.6590238610332465
-0.6590238610332465
-0.6590238610332465
-0.6590238610332465
-0.6590238610332465
-0.6590238610332465
-0.6590238610332465
-0.6590238610332465
-0.6590238610332465
-0.6590238610332465
-0.6590238610332465
-0.6590238610332465
-0.6590238610332465
-0.6590238610332465
-0.6590238610332465
-0.6590238610332465
-0.6590238610332465
-0.6590238610332465
-0.6590238610332465
-0.6590238610332465
-0.6590238610332465
-0.6590238610332465
-0.6590238610332465
-0.6590238610332465
-0.6590238610332465
-0.6590238610332465
-0.6590238610332465
-0.6590238610332465
-0.6590238610332465
-0.6590238610332465
-0.6590238610332465
-0.6590238610332465
-0.6590238610332465
-0.6590238610332465
-0.6590238610332465
-0.6590238610332465
-0.6590238610332465
-0.6590238610332465
-0.6590238610332465
-0.6590238610332465
-0.6590238610332465
-0.6590238610332465
-0.6590238610332465
-0.6590238610332465
-0.6590238610332465
-0.6590238610332465
-0.6590238610332465
-0.6590238610332465
-0.6590238610332465
-0.6590238610332465
-0.6590238610332465
-0.6590238610332465
-0.41444043380585915
-0.3919957100344649
-0.35226772456229255
-0.3695879223186676
-0.3914330656523708
-0.42693175657332516
-0.40515706287716924
-0.5737162668574464
-0.5076715585474637
-0.3836290446929937
-0.3658346878184272
-0.43225987315811787
-6.299468234696735
-0.3921244445338943
-3.6245932485994765
-0.4294757441536794
-0.42747293896975347
-0.4017188067038473
-0.3899031030352006
-0.5163750146015043
-0.6148709083460242
-5.287454233272362
-30.943574958941625
-0.5110539898654043
-0.5445479222604236
-0.4209099450443045
-0.5428429978603351
-0.5046278066387809
-0.4479757395291117
-0.5036652347315416
-0.4646019352270896
-0.4714701513627235
-0.5032339487954012
-0.4151603789137379
-0.3931001994987937
-0.4617415898194682
-0.37308508459286366
-0.339470319273368
-0.32426399703810915
-0.46514243496534075
-0.4909247303939164
-0.37985717829367904
-0.405709551502205
-0.5159578701717743
-0.45858043122297354
-0.5519877575877389
-0.4771226514323972
-0.40081796616575377
-0.46361307450396244
-0.4235761655424055
-0.48145617786261924
-0.4996495861599425
-0.354054496923115
-0.4189827771760968
-0.5467504778452186
-0.7022289992999935
-0.49604654559431677
-0.5340140257429368
-0.636794209618539
-0.417586556810533
-0.3754790878169429
-0.5576500521996004
-0.49178540416257516
-0.5186261975129531
-0.5041682166421326
-0.6107157313222571
-0.4203987536142673
-0.42515378131611214
-0.41559520929533444
-0.42165133697936225
-0.4729554859215441
-0.4557918772067899
-0.3623681193639386
-0.369155123637422
-0.42449137378651675
-0.3053868354536138
-0.26541910069815383
-0.2855990453830599
-0.3385749910931631
-0.2976699175289843
-0.2802085854300122
-0.293989858983794
-0.3147975512388691
-0.33086206540801605
-20.216767753195956
-3.721196615364303
-0.3339393953737917
-0.435981316576999
-0.3859282681774058
-0.42568597557865717
-0.3570201680128955
-4.744776265564799
-8.531325699904727
-1.2789356651477277
-0.44719897946192116
-0.8657010519425623
-0.3905803742297821
-74.79152294737314
-0.43672016961732724
-0.4787907174728294
-0.4672981513421546
-0.4672981513421546
-0.4672981513421546
-0.4672981513421546
-0.4672981513421546
-0.4672981513421546
-0.4672981513421546
-0.4672981513421546
-0.4672981513421546
-0.4672981513421546
-0.4672981513421546
-0.4672981513421546
-0.4672981513421546
-0.4672981513421546
-0.4672981513421546
-0.4672981513421546
-0.4672981513421546
-0.4672981513421546
-0.4672981513421546
-0.4672981513421546
-0.4672981513421546
-0.4672981513421546
-0.4672981513421546
-0.4672981513421546
-0.4672981513421546
-0.4672981513421546
-0.4672981513421546
-0.4672981513421546
-0.4672981513421546
-0.4672981513421546
-0.4672981513421546
-0.4672981513421546
-0.4672981513421546
-0.4672981513421546
-0.4672981513421546
-0.4672981513421546
-0.4672981513421546
-0.4672981513421546
-0.4672981513421546
-0.4672981513421546
-0.4672981513421546
-0.4672981513421546
-0.4672981513421546
-0.4672981513421546
-0.4672981513421546
-0.4672981513421546
-0.4672981513421546
-0.4672981513421546
-0.4672981513421546
-0.4672981513421546
-0.4672981513421546
-0.4672981513421546
-0.4672981513421546
-0.4672981513421546
-0.4672981513421546
-0.4672981513421546
-0.4672981513421546
-0.4672981513421546
-0.4672981513421546
-0.4672981513421546
-0.4672981513421546
-0.4672981513421546
-0.4672981513421546
-0.4672981513421546
-0.4672981513421546
-0.4672981513421546
-0.4672981513421546
-0.4672981513421546
-0.4672981513421546
-0.4672981513421546
-0.4672981513421546
-0.4672981513421546
-0.4672981513421546
-0.4672981513421546
-0.4672981513421546
-0.4672981513421546
-0.4672981513421546
-0.4672981513421546
-0.4672981513421546
-0.4672981513421546
-0.4672981513421546
-0.4672981513421546
-0.4672981513421546
-0.4672981513421546
-0.4672981513421546
-0.4672981513421546
-0.4672981513421546
-0.4672981513421546
-0.4672981513421546
-0.4672981513421546
-0.4672981513421546
-0.4672981513421546
-0.4672981513421546
-0.4672981513421546
-0.4672981513421546
-0.4672981513421546
-0.4672981513421546
-0.4672981513421546
-0.4672981513421546
-0.4672981513421546
-0.46858825049877234
-0.4908518263536884
-0.5018172820903383
-0.5349188406017515
-0.45999191065612866
-0.5305709612361325
-0.3959953004382295
-0.36785655501393477
-0.605477223517199
-0.38001554907639434
-0.4480211900201521
-0.37519843006697584
-0.35325579134235235
-0.481591107718843
-0.5073481341247787
-0.4551898615036929
-0.577372816738873
-0.605501396442015
-0.7232237515148872
-0.6594294241600631
-0.6277571276420427
-0.5761698347054492
-4.130745576916667
-0.6395427682120823
-3.095343574030336
-0.6227631060115446
-0.601796668137572
-0.7383535998859566
-0.7225709490405257
-0.52068179042315
-0.44925594081838344
-0.7353000367516823
-0.4873827648852575
-0.46172782518866917
-0.38838938543789064
-0.5489830313925465
-0.4534933732627604
-0.3651658487392693
-0.40071934311387036
-0.453184331484963
-0.4746847091051453
-0.32128408517955115
-0.35905023354497045
-0.4839802645044906
-0.49254959427673256
-0.5822523713449924
-0.7267170077472892
-0.8243406390776948
-0.7041617616947531
-0.4585382551886939
-0.6236220825298314
-0.8697834470143314
-0.4978131711524296
-0.5523438910614152
-0.5666719112071137
-0.7572908658313631
-0.9641353462622455
-1.410753633321923
-1.1299139713443578
-1.0995442781599325
-1.2971254946484094
-0.6989033883998956
-0.8724397365917824
-0.6240270365503415
-0.5836400518147593
-0.974901816251993
-0.5989907831339635
-0.6539813002940289
-0.7663904707805915
-0.6602556617156482
-1.2956083883399465
-3.071328693395489
-1.612099800499332
-0.8729760283854896
-1.0490888477500413
-1.0501042823470121
-11.440945060677816
-1.6981399503465138
-1.1095934290556289
-1.0078163625349836
-0.9154608437711893
-0.5607726023565862
-0.42940623591468435
-0.6039682774525095
-0.43160631881810074
-0.48638735877193795
-0.4056575780962432
-0.39831633305228503
-0.3766508056972236
-0.4019568228018231
-0.3473621833485061
-0.357286453287825
-0.32271471552999786
-0.4024068009277667
-0.34181197715605305
-0.37461125470706064
-0.39628429788272984
-0.3600582461068679
-0.4225902749884011
-0.4337561077038342
-0.5656684590670473
-0.5656684590670473
-0.5656684590670473
-0.5656684590670473
-0.5656684590670473
-0.5656684590670473
-0.5656684590670473
-0.5656684590670473
-0.5656684590670473
-0.5656684590670473
-0.5656684590670473
-0.5656684590670473
-0.5656684590670473
-0.5656684590670473
-0.5656684590670473
-0.5656684590670473
-0.5656684590670473
-0.5656684590670473
-0.5656684590670473
-0.5656684590670473
-0.5656684590670473
-0.5656684590670473
-0.5656684590670473
-0.5656684590670473
-0.5656684590670473
-0.5656684590670473
-0.5656684590670473
-0.5656684590670473
-0.5656684590670473
-0.5656684590670473
-0.5656684590670473
-0.5656684590670473
-0.5656684590670473
-0.5656684590670473
-0.5656684590670473
-0.5656684590670473
-0.5656684590670473
-0.5656684590670473
-0.5656684590670473
-0.5656684590670473
-0.5656684590670473
-0.5656684590670473
-0.5656684590670473
-0.5656684590670473
-0.5656684590670473
-0.5656684590670473
-0.5656684590670473
-0.5656684590670473
-0.5656684590670473
-0.5656684590670473
-0.5656684590670473
-0.5656684590670473
-0.5656684590670473
-0.5656684590670473
-0.5656684590670473
-0.5656684590670473
-0.5656684590670473
-0.5656684590670473
-0.5656684590670473
-0.5656684590670473
-0.5656684590670473
-0.5656684590670473
-0.5656684590670473
-0.5656684590670473
-0.5656684590670473
-0.5656684590670473
-0.5656684590670473
-0.5656684590670473
-0.5656684590670473
-0.5656684590670473
-0.5656684590670473
-0.5656684590670473
-0.5656684590670473
-0.5656684590670473
-0.5656684590670473
-0.5656684590670473
-0.5656684590670473
-0.5656684590670473
-0.5656684590670473
-0.5656684590670473
-0.5656684590670473
-0.5656684590670473
-0.5656684590670473
-0.5656684590670473
-0.5656684590670473
-0.5656684590670473
-0.5656684590670473
-0.5656684590670473
-0.5656684590670473
-0.5656684590670473
-0.5656684590670473
-0.5656684590670473
-0.5656684590670473
-0.5656684590670473
-0.5656684590670473
-0.5656684590670473
-0.5656684590670473
-0.5656684590670473
-0.5656684590670473
-0.5656684590670473
-0.4505229711985505
-0.43217599873766227
-0.3905542791004104
-0.4476490476205621
-0.6454941022191991
-0.4868122706691628
-0.5014232535203798
-0.4148022345002949
-0.4416014820691949
-0.4098524639179121
-0.42225791915418087
-0.4470252692006015
-0.4490478958957937
-0.3861950350553023
-0.3828228264647557
-0.35632606623751995
-0.36398815293678183
-0.3986525158663071
-0.4569790604381284
-0.40328089587140475
-0.3998674683538013
-0.39671546426014515
-0.4221899544572427
-0.4344362114166043
-0.5895958619675705
-0.6154251156590282
-0.7563477068875166
-9.523859298794635
-0.47600662527286486
-0.49401048889584415
-0.49730297672432944
-0.6112003465854002
-1.539377560898504
-0.5090964138055505
-0.48225473312585265
-0.5389575772412495
-0.5421242971225412
-0.3924843894054451
-0.3562518323801193
-0.43015082494704016
-0.6017146089725149
-0.5030842795708107
-0.5744738609378192
-0.8784658882059397
-0.43247942407195955
-0.49389982497517954
-0.5061591246779443
-0.4101047614169604
-1.748981407940334
-0.3974028923545895
-0.420868255557757
-0.7230623000324532
-0.4747074185830774
-0.4853135689977625
-0.7925251726734563
-0.7220583201970804
-0.529565596203113
-15.770484053801693
-0.5121249778721773
-0.4473249296837895
-0.37630233291434
-0.46374966233222986
-4.427048153014608
-0.42713195910663404
-0.5695651192429719
-0.4653185253832029
-0.4401260046234654
-0.5650546701492298
-0.5482546734327138
-0.47248709537672784
-1.2149151719210531
-1.060203936831851
-1.9665414592904005
-0.731527352961384
-0.6840394226861355
-0.5867634315481897
-1.23332984004006
-0.8947466631698276
-1.4021550992758316
-1.0193779577077107
-0.6787183411134606
-0.752224931976951
-0.9519522124993935
-0.8533694498210126
-0.5374506608937712
-0.481364340444175
-0.5981038791626172
-0.6148724143099327
-0.4506942523813571
-0.3945346870673949
-0.4062515162393331
-0.5632191078148583
-0.5038670488067505
-0.5530691478043397
-0.6392392968916484
-0.5296569732353485
-0.4693643667205405
-0.46315551272046684
-0.3599796300041306
-0.4733597665961866
-0.3891174568818137
-0.3891174568818137
-0.3891174568818137
-0.3891174568818137
-0.3891174568818137
-0.3891174568818137
-0.3891174568818137
-0.3891174568818137
-0.3891174568818137
-0.3891174568818137
-0.3891174568818137
-0.3891174568818137
-0.3891174568818137
-0.3891174568818137
-0.3891174568818137
-0.3891174568818137
-0.3891174568818137
-0.3891174568818137
-0.3891174568818137
-0.3891174568818137
-0.3891174568818137
-0.3891174568818137
-0.3891174568818137
-0.3891174568818137
-0.3891174568818137
-0.3891174568818137
-0.3891174568818137
-0.3891174568818137
-0.3891174568818137
-0.3891174568818137
-0.3891174568818137
-0.3891174568818137
-0.3891174568818137
-0.3891174568818137
-0.3891174568818137
-0.3891174568818137
-0.3891174568818137
-0.3891174568818137
-0.3891174568818137
-0.3891174568818137
-0.3891174568818137
-0.3891174568818137
-0.3891174568818137
-0.3891174568818137
-0.3891174568818137
-0.3891174568818137
-0.3891174568818137
-0.3891174568818137
-0.3891174568818137
-0.3891174568818137
-0.3891174568818137
-0.3891174568818137
-0.3891174568818137
-0.3891174568818137
-0.3891174568818137
-0.3891174568818137
-0.3891174568818137
-0.3891174568818137
-0.3891174568818137
-0.3891174568818137
-0.3891174568818137
-0.3891174568818137
-0.3891174568818137
-0.3891174568818137
-0.3891174568818137
-0.3891174568818137
-0.3891174568818137
-0.3891174568818137
-0.3891174568818137
-0.3891174568818137
-0.3891174568818137
-0.3891174568818137
-0.3891174568818137
-0.3891174568818137
-0.3891174568818137
-0.3891174568818137
-0.3891174568818137
-0.3891174568818137
-0.3891174568818137
-0.3891174568818137
-0.3891174568818137
-0.3891174568818137
-0.3891174568818137
-0.3891174568818137
-0.3891174568818137
-0.3891174568818137
-0.3891174568818137
-0.3891174568818137
-0.3891174568818137
-0.3891174568818137
-0.3891174568818137
-0.3891174568818137
-0.3891174568818137
-0.3891174568818137
-0.3891174568818137
-0.3891174568818137
-0.3891174568818137
-0.3891174568818137
-0.3891174568818137
-0.3891174568818137
-0.45552059091443714
-0.4798626678198282
-0.46122094457194707
-0.5786655467303514
-0.436658237430428
-0.604718223439419
-0.4404717361737947
-0.40229992778688145
-0.4093921057263529
-0.5159345412098115
-0.4808006452883166
-0.45185852170751084
-0.3921260166311581
-0.42650515224724145
-0.4389745959872352
-0.5000828945193212
-0.40407231535990434
-0.4440789496442996
-0.6011674714589177
-0.48257902588074
-0.575888278245427
-0.4057263264906339
-0.4561325876876855
-0.6747660447869291
-0.82939225002632
-0.8029845709362085
-0.831272742171438
-4.2806614506280285
-0.6102532106924827
-0.49087049370696173
-64.48589002663581
-17.656579640278032
-41.358731314992504
-12.100297116751163
-5.156263362644025
-5.067040277375078
-9.105275444835511
-14.411088854188908
-4.86720229380913
-4.645605038636555
-4.365095936949914
-1.2951312202376934
-1.3477908623510702
-16.865447775868653
-0.9811454695995806
-0.6139303129218289
-0.6620778256203002
-0.9421124933274964
-1.254072374839372
-2.518027474638555
-3.6725305995174233
-73.84518599427011
-0.8353289099506069
-0.6224647710701554
-0.5393354848071815
-0.4156406898791722
-0.42210970279478965
-0.4960741873447061
-0.43305675651347636
-0.4288411744442881
-0.43409628514729814
-1.5800555742744882
-0.3289038107370614
-0.3017664896696012
-0.3375502505812108
-1.9369492397277732
-0.2670181656103547
-0.27391476676722004
-0.33687384021214595
-0.2575056186936945
-0.23494467846115338
-0.31485117734674234
-0.27639584942888534
-0.23673980438343806
-1.1262525472202978
-14.514223443015506
-0.45255604549995776
-0.4100703750245501
-0.33867660880967954
-0.3201491659107426
-0.25547963117923256
-0.31728276625575913
-0.38757500115701365
-0.36167771445167785
-0.2850918363157915
-0.3681694471085879
-0.35586569732700873
-0.35735872348555575
-0.40102193697129784
-0.509806043745925
-0.5864738409706629
-0.4682113172570394
-0.4240583033106928
-0.43210552576490024
-0.4627077844361821
-0.6190535497864533
-0.48958686883533775
-0.5695607828453617
-0.5826405665577754
-0.5500578079098278
-0.6197594004821538
-0.6197594004821538
-0.6197594004821538
-0.6197594004821538
-0.6197594004821538
-0.6197594004821538
-0.6197594004821538
-0.6197594004821538
-0.6197594004821538
-0.6197594004821538
-0.6197594004821538
-0.6197594004821538
-0.6197594004821538
-0.6197594004821538
-0.6197594004821538
-0.6197594004821538
-0.6197594004821538
-0.6197594004821538
-0.6197594004821538
-0.6197594004821538
-0.6197594004821538
-0.6197594004821538
-0.6197594004821538
-0.6197594004821538
-0.6197594004821538
-0.6197594004821538
-0.6197594004821538
-0.6197594004821538
-0.6197594004821538
-0.6197594004821538
-0.6197594004821538
-0.6197594004821538
-0.6197594004821538
-0.6197594004821538
-0.6197594004821538
-0.6197594004821538
-0.6197594004821538
-0.6197594004821538
-0.6197594004821538
-0.6197594004821538
-0.6197594004821538
-0.6197594004821538
-0.6197594004821538
-0.6197594004821538
-0.6197594004821538
-0.6197594004821538
-0.6197594004821538
-0.6197594004821538
-0.6197594004821538
-0.6197594004821538
-0.6197594004821538
-0.6197594004821538
-0.6197594004821538
-0.6197594004821538
-0.6197594004821538
-0.6197594004821538
-0.6197594004821538
-0.6197594004821538
-0.6197594004821538
-0.6197594004821538
-0.6197594004821538
-0.6197594004821538
-0.6197594004821538
-0.6197594004821538
-0.6197594004821538
-0.6197594004821538
-0.6197594004821538
-0.6197594004821538
-0.6197594004821538
-0.6197594004821538
-0.6197594004821538
-0.6197594004821538
-0.6197594004821538
-0.6197594004821538
-0.6197594004821538
-0.6197594004821538
-0.6197594004821538
-0.6197594004821538
-0.6197594004821538
-0.6197594004821538
-0.6197594004821538
-0.6197594004821538
-0.6197594004821538
-0.6197594004821538
-0.6197594004821538
-0.6197594004821538
-0.6197594004821538
-0.6197594004821538
-0.6197594004821538
-0.6197594004821538
-0.6197594004821538
-0.6197594004821538
-0.6197594004821538
-0.6197594004821538
-0.6197594004821538
-0.6197594004821538
-0.6197594004821538
-0.6197594004821538
-0.6197594004821538
-0.6197594004821538
-0.742310258234551
-0.6805754856944447
-0.509420387495374
-0.49953344383843856
-0.5184576989933994
-0.4716961120549185
-0.45857673209795036
-0.49871194036316946
-0.5461740622834378
-0.5026415133419504
-0.4225181854567775
-0.4721764493710743
-0.47711915836647933
-0.4503190315854938
-0.4550112132429588
-0.43615030877389716
-0.5122056690911363
-0.48421879187596917
-0.5391307655589916
-0.5543452125088191
-0.4159024855371608
-0.43346337525220024
-0.45932965276452037
-0.41395984840660394
-0.40932449773522317
-0.5094371350565773
-1.6328715825277709
-0.41761338489127964
-6.674860917125731
-1.60934725568844
-0.9087535298844379
-1.0475405715987471
-42.42565859504249
-18.88838384890756
-3.57547180447526
-3.285603906128079
-0.48039873395679994
-0.4617425252085632
-30.73800328226197
-0.49179453118985295
-0.39841829041096427
-0.39199015264259035
-0.41918399564088615
-0.4282309107920856
-0.41825881892441297
-0.4330245066256789
-0.43625056297446185
-0.6345987688301302
-0.5016400035606724
-0.41622082924319787
-0.4368798037610173
-0.44107683367398837
-0.3899061348085335
-0.39951192422823334
-0.3851178756286381
-0.44292022664721836
-0.6241880425429827
-0.40362963051724887
-0.3851512425746426
-0.36459155708491536
-0.41320816172498803
-0.3632814403959449
-0.4503381439741219
-0.4454581338911507
-0.3798482156045184
-0.42715823055358215
-0.3996590469997818
-0.37985109106085096
-0.3992271377068153
-0.3967333552805179
-0.38279697390561734
-0.38593017589675266
-0.43005227339833785
-0.3678380370475307
-0.35943700473698703
-0.3222190301049013
-0.37982205799509117
-0.3972098750624866
-0.37329001821401886
-0.3454230290419675
-0.3451402442736808
-0.3457739182965665
-0.36768000767177395
-0.4096881466681251
-0.48993034642997274
-0.4079249694447701
-0.4769268219990398
-0.5209012677602409
-0.4329521033879934
-0.43231389020222943
-0.4873039448434101
-0.4192814750503316
-0.44701658068843036
-0.42697942042686
-0.48694819071391626
-0.5176248922023374
-0.5423395141171439
-0.5273378952307929
-0.4419985462767304
-0.48417932318727147
-0.44773693775429513
-0.44773693775429513
-0.44773693775429513
-0.44773693775429513
-0.44773693775429513
-0.44773693775429513
-0.44773693775429513
-0.44773693775429513
-0.44773693775429513
-0.44773693775429513
-0.44773693775429513
-0.44773693775429513
-0.44773693775429513
-0.44773693775429513
-0.44773693775429513
-0.44773693775429513
-0.44773693775429513
-0.44773693775429513
-0.44773693775429513
-0.44773693775429513
-0.44773693775429513
-0.44773693775429513
-0.44773693775429513
-0.44773693775429513
-0.44773693775429513
-0.44773693775429513
-0.44773693775429513
-0.44773693775429513
-0.44773693775429513
-0.44773693775429513
-0.44773693775429513
-0.44773693775429513
-0.44773693775429513
-0.44773693775429513
-0.44773693775429513
-0.44773693775429513
-0.44773693775429513
-0.44773693775429513
-0.44773693775429513
-0.44773693775429513
-0.44773693775429513
-0.44773693775429513
-0.44773693775429513
-0.44773693775429513
-0.44773693775429513
-0.44773693775429513
-0.44773693775429513
-0.44773693775429513
-0.44773693775429513
-0.44773693775429513
-0.44773693775429513
-0.44773693775429513
-0.44773693775429513
-0.44773693775429513
-0.44773693775429513
-0.44773693775429513
-0.44773693775429513
-0.44773693775429513
-0.44773693775429513
-0.44773693775429513
-0.44773693775429513
-0.44773693775429513
-0.44773693775429513
-0.44773693775429513
-0.44773693775429513
-0.44773693775429513
-0.44773693775429513
-0.44773693775429513
-0.44773693775429513
-0.44773693775429513
-0.44773693775429513
-0.44773693775429513
-0.44773693775429513
-0.44773693775429513
-0.44773693775429513
-0.44773693775429513
-0.44773693775429513
-0.44773693775429513
-0.44773693775429513
-0.44773693775429513
-0.44773693775429513
-0.44773693775429513
-0.44773693775429513
-0.44773693775429513
-0.44773693775429513
-0.44773693775429513
-0.44773693775429513
-0.44773693775429513
-0.44773693775429513
-0.44773693775429513
-0.44773693775429513
-0.44773693775429513
-0.44773693775429513
-0.44773693775429513
-0.44773693775429513
-0.44773693775429513
-0.44773693775429513
-0.44773693775429513
-0.44773693775429513
-0.44773693775429513
-0.5533382120108233
-0.6367622670972903
-0.5784427665137982
-0.527073767025888
-0.4964252303665445
-0.4368265669087185
-0.4803363853985404
-0.7078684464185567
-0.6787557328317605
-0.6341465446081442
-0.4758300045160583
-0.44320521854330414
-0.6177226951442266
-0.8949314873458366
-1.3503989175923
-1.4673231052400708
-0.47221022403997015
-2.8682800373017283
-1.9044804391125858
-0.5082346488204038
-0.5822402448244756
-0.48241007010332215
-0.5372794658764386
-0.4073625166139181
-0.3961682761104752
-0.3957749439765146
-0.4673603983707345
-0.48328896626226686
-0.5122409435018221
-0.6072949639158324
-0.6067292875093881
-0.6076403346128301
-0.5914441243401692
-0.4897912210317543
-0.5016852059650307
-0.6580942161117098
-0.8844749701346762
-0.7512492907679763
-0.6525802965081933
-0.6409807324653829
-0.5353241504730367
-0.44056252063406065
-0.6166797074249836
-0.5210705536310127
-0.4412391735611935
-0.412844571029263
-0.41328733353057556
-0.4387793128452504
-0.4607016054902284
-0.4275328374493311
-29.99362168136824
-36.425875136374245
-7.204955039360856
-6.747571246027756
-30.983790154299367
-0.7018941754445828
-23.75559181741586
-0.3897217758366883
-2.149346533383783
-0.4849987108231435
-0.45602719248232143
-0.5119918865899417
-0.4794580457072578
-0.4293263652758494
-0.404710994164836
-0.39932848080059136
-0.3862604355479902
-0.38057794088699604
-1.1569560486027384
-0.3867592450722497
-0.34353245324258497
-0.3770485255337034
-0.41411064037751866
-0.38374016804765937
-0.4095267968068244
-0.3518802711761108
-0.38190851858902475
-0.36578700952161086
-0.3691927929011925
-0.3748253258840259
-0.39872912054418275
-0.4409370777232024
-0.4884003058180626
-0.40631032627206864
-0.46982535346208276
-0.5907925277472316
-0.5213866591733256
-0.4480264679958667
-0.592120831504394
-0.48190647399910286
-0.45068078972531633
-0.7962568901974206
-0.7233417301559499
-0.7445872645897202
-0.7643857523204681
-0.794580329069888
-0.996827614245498
-0.830836787490285
-0.9580907715032058
-0.806706335502108
-0.7533263110471774
-0.7533263110471774
-0.7533263110471774
-0.7533263110471774
-0.7533263110471774
-0.7533263110471774
-0.7533263110471774
-0.7533263110471774
-0.7533263110471774
-0.7533263110471774
-0.7533263110471774
-0.7533263110471774
-0.7533263110471774
-0.7533263110471774
-0.7533263110471774
-0.7533263110471774
-0.7533263110471774
-0.7533263110471774
-0.7533263110471774
-0.7533263110471774
-0.7533263110471774
-0.7533263110471774
-0.7533263110471774
-0.7533263110471774
-0.7533263110471774
-0.7533263110471774
-0.7533263110471774
-0.7533263110471774
-0.7533263110471774
-0.7533263110471774
-0.7533263110471774
-0.7533263110471774
-0.7533263110471774
-0.7533263110471774
-0.7533263110471774
-0.7533263110471774
-0.7533263110471774
-0.7533263110471774
-0.7533263110471774
-0.7533263110471774
-0.7533263110471774
-0.7533263110471774
-0.7533263110471774
-0.7533263110471774
-0.7533263110471774
-0.7533263110471774
-0.7533263110471774
-0.7533263110471774
-0.7533263110471774
-0.7533263110471774
-0.7533263110471774
-0.7533263110471774
-0.7533263110471774
-0.7533263110471774
-0.7533263110471774
-0.7533263110471774
-0.7533263110471774
-0.7533263110471774
-0.7533263110471774
-0.7533263110471774
-0.7533263110471774
-0.7533263110471774
-0.7533263110471774
-0.7533263110471774
-0.7533263110471774
-0.7533263110471774
-0.7533263110471774
-0.7533263110471774
-0.7533263110471774
-0.7533263110471774
-0.7533263110471774
-0.7533263110471774
-0.7533263110471774
-0.7533263110471774
-0.7533263110471774
-0.7533263110471774
-0.7533263110471774
-0.7533263110471774
-0.7533263110471774
-0.7533263110471774
-0.7533263110471774
-0.7533263110471774
-0.7533263110471774
-0.7533263110471774
-0.7533263110471774
-0.7533263110471774
-0.7533263110471774
-0.7533263110471774
-0.7533263110471774
-0.7533263110471774
-0.7533263110471774
-0.7533263110471774
-0.7533263110471774
-0.7533263110471774
-0.7533263110471774
-0.7533263110471774
-0.7533263110471774
-0.7533263110471774
-0.7533263110471774
-0.7533263110471774
-0.7678386467088829
-0.8511992728049846
-0.7331863522280857
-0.8931258871383145
-0.8568603196379723
-0.72499632134243
-0.6835438894057035
-0.5730025445983575
-0.3556189839448735
-0.3817163982259345
-0.4429772508675917
-0.39312362502146503
-0.4102627967883613
-0.47582963231779546
-0.43538315372231506
-0.35756675728751547
-0.32713465574988343
-0.3721898163308113
-0.3552718551516978
-0.4071683930598737
-0.3531316000600798
-0.3741322476193434
-0.3721322834767387
-0.3383269364276582
-0.37785067816132567
-0.5345143811768379
-0.5848703308314309
-0.6299645613822497
-0.6326933669853732
-0.6170951343681899
-0.5853119302334858
-0.5553062613414871
-0.33723077872940926
-0.35609968961392385
-0.3592396767510154
-0.3530325734066878
-0.47954916921620055
-0.4063975459971705
-0.3988668823302922
-0.410507219223198
-0.4077163127596012
-0.4840264578564582
-0.39999291930086506
-0.4616626592186116
-0.39467578300944184
-56.43666155969433
-0.3948667450588465
-0.3568268094622726
-0.3702942736726149
-0.3548149775896201
-0.44152271345108013
-0.8872968158562146
-10.936946638160144
-0.5890874618122978
-0.6939064319506976
-0.6812342490514749
-1.0831077199227526
-0.6704921072151754
-0.6914262576185013
-0.6544695955262033
-0.8630782786945492
-1.04784625439539
-0.8274761436664837
-0.9881738081448866
-0.4251111665834664
-0.4062266226563949
-0.5950215989660749
-1.0327279641105043
-0.42261982888996896
-0.40675842233188464
-0.6581264065207947
-0.8511294746621713
-0.9862309511093772
-0.911908194010851
-0.9684546947979918
-1.2412490333513178
-0.78536838120543
-0.8260689335493123
-1.0317688000134895
-0.7019100017302544
-0.7614531861769958
-0.4993972037193496
-0.8044777230201358
-0.6532227122238659
-1.136945432257744
-1.2435628363514417
-0.5075050217280611
-1.0233305176474408
-0.8383087554149224
-0.9153674097655728
-1.1921670279671202
-0.819898334991008
-0.7392080646592313
-0.8607692513808043
-1.2124777617416989
-1.2721599738284781
-1.583407325819405
-1.3388075318603687
-1.4169787856821539
-1.2719834550224445
-1.2332765397826888
-1.2332765397826888
-1.2332765397826888
-1.2332765397826888
-1.2332765397826888
-1.2332765397826888
-1.2332765397826888
-1.2332765397826888
-1.2332765397826888
-1.2332765397826888
-1.2332765397826888
-1.2332765397826888
-0.8274784425040067
-0.9713575349789619
-1.2797513072205737
-0.8773627474010413
-1.2881895268874886
-1.0325591073866982
-1.1546446448634677
-0.7276512594883024
-2.1205632812694586
-0.9972078559008285
-1.122990948984586
-0.817366235421951
-0.7814836990661779
-0.6844544252830703
-2.0479041874060058
-0.6943579502453067
-0.5834102403811741
-1.013668764221996
-0.5331228116252029
