-11.538058158214737
-7.728773030516176
-6.280931402707252
-2.1946470262368023
-1.2447091709922982
-30.16172240233942
-25.74909368707481
-0.6255556560984802
-0.4810353411020222
-3.5250321539719294
-63.48715946653132
-84.48394434366742
-96.13603909509314
-92.9201443422579
-58.66124149219984
-42.95215358816576
-34.729321780457944
-18.248087005516005
-1.6400158110898118
-67.29863799043925
-124.64991184133125
-112.17896561401349
-106.95294073691768
-88.96272899054166
-63.312014908449655
-37.32564653168183
-16.74054456406035
-39.56912209308429
-20.126249248605262
-42.53037758055681
-13.792477345443022
-9.921403400944115
-42.4722229000956
-70.10855432309386
-46.46414791282986
25.48666181751981
-2.7675584606730324
-63.527034809127414
-46.797010449363874
-24.47172906516076
-2.0098978028568006
-4.86891523652563
-4.894853514586035
-9.583981777110036
-5.7477862704211535
-56.09425388593994
-99.48764868361194
-105.11295344116188
-118.15077035448982
-118.51185156066178
-115.57715810761026
-73.97183558045467
-32.26390018971971
-0.8559756312275945
-9.532417243465103
-14.611050258593355
-28.286338157791636
-43.21525055964027
-48.61553125434389
-2.9931443615142004
-59.46895065939314
-66.7114482641914
-40.884201579501784
-40.847353729309084
-37.6877601351717
-24.379466688068682
-18.246165517842336
-0.4526517862660884
-1.44039277163063
-23.77829557276547
-33.04186186658746
-62.87800805662206
-70.40189970736503
-78.30920915998283
-41.76333240749622
-28.924518243844815
-35.46921906718646
-27.566525865339354
-9.715576769872117
-25.77226996572837
-11.020736703801065
-27.33581074438387
-48.55684285795931
-18.99741459007144
9.594886289133317
-0.9439443035437083
-0.6618776400407069
-10.055905554984676
-24.838479119111902
-30.359697056216355
-31.335472566926818
-36.68968155372287
-29.220696952961898
-12.886971058448792
-4.36016617186971
-8.06335748856121
25.283788858000598
-0.45309250213551927
-4.109969465518436
-46.315964442025425
-5.0900426789773965
-5.0900426789773965
-5.0900426789773965
-5.0900426789773965
-5.0900426789773965
-5.0900426789773965
-5.0900426789773965
-5.0900426789773965
-5.0900426789773965
-5.0900426789773965
-5.0900426789773965
-5.0900426789773965
-5.0900426789773965
-5.0900426789773965
-5.0900426789773965
-5.0900426789773965
-5.0900426789773965
-5.0900426789773965
-5.0900426789773965
-5.0900426789773965
-87.52187585926931
-40.37347612699959
-55.53139132956484
-21.656410598299985
-63.13098654324917
-101.96430412238621
-92.40653537026245
-113.7202905309038
-124.68981250081208
-119.06439932166865
-64.57950705944533
-40.501104901541126
-61.9909886339265
-78.05903321975188
-46.83786697709205
-65.54949949059906
-81.04456212661098
-64.44619510955003
-92.55552633592959
-105.93412906139618
-118.30315867158858
-123.50878999897944
-86.23964466714474
-89.47680627500658
-42.71806160774249
-56.76952036827407
-13.543450660359314
-27.952089529826537
-58.18409371837706
-6.97904609475449
-8.246360104007985
-13.620701791438393
-1.9304654805284045
-1.4426729165071643
-12.997180570520264
-16.396296070659222
-8.135271297623337
-33.2214718033322
-23.156472211363887
-17.23076586533363
-33.53409842253709
-76.29536611442533
-19.219086649394107
-47.85600118906252
-91.33723383048786
-75.81617621081004
-77.3362936046499
-111.78237840514154
-124.38931439826325
-104.5730409019168
-123.23583194160722
-87.95919533049256
-123.13168751791973
-119.46501977877955
-101.57077204271083
-116.98687635621702
-72.54470806283372
-106.9149193572171
-100.62831690702221
-55.652013717360056
-110.23794219420341
-65.03550945087304
-60.34912833242825
-56.32111919224456
-22.138591292663058
-10.502916330720819
-10.264268455695502
-26.62086475950653
-22.500092132533283
-51.20079770843212
-17.98246575805123
-11.833951973883451
-4.46868568357625
-5.293097848923854
-40.41215754254341
-2.1113290892919006
-16.79369706230022
-33.47828797913957
-37.559264293663375
-51.04315506732975
-45.578952118766836
-73.33161934652625
-68.79485982078909
-17.697059659776606
-26.749962962537992
-14.170114542152257
-6.634697720663762
-7.506545941310616
-11.099458499679395
-12.576647236504822
-28.30698246565461
-88.49368057002972
-110.96680921930101
-94.38610536473595
-79.5011725183944
-87.89757906876464
-30.437464016063032
-39.33147269110326
-32.65648215592917
-39.449824674673614
-5.0900426789773965
-5.0900426789773965
-5.0900426789773965
-5.0900426789773965
-5.0900426789773965
-5.0900426789773965
-5.0900426789773965
-5.0900426789773965
-5.0900426789773965
-5.0900426789773965
-5.0900426789773965
-5.0900426789773965
-5.0900426789773965
-5.0900426789773965
-5.0900426789773965
-5.0900426789773965
-5.0900426789773965
-5.0900426789773965
-5.0900426789773965
-5.0900426789773965
-36.92538676799669
-12.011176342769037
-4.228102218502057
-24.504691792657656
-29.9027859301423
-35.26047981811137
-70.92116809435873
-9.003377986741572
-1.2573582767549492
-16.36892483981314
-39.67542194204969
-19.84629622004613
-18.654482345737993
-1.536421521369427
-12.77651430044283
-15.180560098502593
-23.045623234307953
-5.0779609260557805
-4.652872744979302
-3.2765232461043072
-3.631641954284815
-5.029225869750716
-26.673676189212255
-8.98940059775587
-6.181353948514767
-7.957584032842371
-33.91657908734578
-7.536441522313919
-3.260924476361067
-29.64319508648425
-58.752908940586785
-41.37835830818691
-1.8835270287322317
-3.564050282926868
25.3329113422151
27.19022690964368
-1.8463087222066652
-0.511919439019885
30.763839590665714
24.27569803512372
-3.4840210708482404
25.47689564557431
28.60578321230593
-0.5249872817195604
-0.6695650772656494
-18.336400154493678
-4.405710658893372
-32.14112539855444
-29.520340729506508
-20.539058580400333
-46.42440565851254
-49.27256054284227
-36.78369237973916
-35.66843845054223
-47.491018180063605
-25.949137221122868
-9.992094904671891
-5.865130619092025
-1.1427901088840102
-5.464645083679403
-5.566794825704187
-8.282217676964075
-17.971148636867472
-12.83343332802118
-20.107422613570378
-18.70476178230534
-8.461517223657555
-8.374501786245643
-6.2700140594587435
-25.58206312572569
-38.859065117295636
-72.88714008846773
-94.73772409172287
-113.71772263743006
-134.20748214743526
-127.26079690308953
-128.64940710663132
-81.6913950942783
-74.03510650332045
-51.60491719367285
-14.634766493988192
-13.70077721650734
-58.762246955345326
-70.48330429502614
-77.30010632029784
-67.25171196496554
-49.27560308292275
-31.398587300334732
-12.643395533093228
-4.270273012081918
-64.29683989006566
-3.70985109819319
-43.981286036363684
-16.500064094534594
-25.61597092863965
-36.887516660544804
-61.99973522522562
-20.62941259571231
-49.54936656872177
-75.78394404109811
-5.0900426789773965
-5.0900426789773965
-5.0900426789773965
-5.0900426789773965
-5.0900426789773965
-5.0900426789773965
-5.0900426789773965
-5.0900426789773965
-5.0900426789773965
-5.0900426789773965
-5.0900426789773965
-5.0900426789773965
-5.0900426789773965
-5.0900426789773965
-5.0900426789773965
-5.0900426789773965
-5.0900426789773965
-5.0900426789773965
-5.0900426789773965
-5.0900426789773965
-39.01212842766807
-3.2437370489399946
-44.78595959379306
-2.1718525711391523
-1.6154852103449664
-18.742501827303744
-13.014731084383532
-51.51285516958155
-29.634523485383884
-11.785919901590944
-94.71176528224706
-35.54520455884417
-29.154837269006116
-42.9919684874272
-3.4226983791576018
-34.59337773569489
-14.34664308243465
-10.394517511199657
-34.058474947267584
-17.7629566221482
-27.032690818360454
-10.109024966503178
-13.67167765851941
-6.648881206548877
22.5550034717806
30.25677844449663
25.223632622363343
28.084993654513323
31.65651242895008
33.84491725662493
-11.871694027315929
-1.7478066598070134
-1.2084179434036797
-9.017224591397964
-18.530207063239008
-10.002742501474282
-30.892798393797182
-56.94835492049242
-24.60151756835163
-8.230492239227164
-8.726658536097098
-9.49475691928208
-27.705578164562496
-4.771640484212294
-3.629996303267005
-15.293368285009386
-22.727639701487313
-31.256879337431922
-62.423278379873224
-39.964510006044094
-19.426169333231435
-0.503536779633828
-7.689515509132508
-8.74741789614132
-26.685505008419575
-85.96426201887918
-7.650882247278684
-0.2377217334415732
-0.19228529789327217
-0.18495275837862826
-9.06707906217882
-18.68293851689796
17.96643773918035
-2.4295494448693837
-0.6603207961080201
-0.2750054526830431
-43.58071668001658
-1.035851605997688
-0.07526004184778075
-2.0094693692029346
-18.00058119088192
-0.8654722584452635
33.92950492279853
-8.017750311737972
20.008058398942996
-21.42639924040151
-1.059126836096165
-7.305775345022173
-4.036054696166168
-1.496476795062931
-2.6792098411819056
-2.6084133706404415
-4.204287419025249
-46.86676779456198
-50.350643583654275
-4.454892770247141
-4.590117409962538
-38.41434731853469
40.647178941403745
39.832665358512784
39.853452638222
38.77126169164509
38.74797322366725
36.744301866695224
38.78660754387395
18.479071476306903
-34.62620252970234
-12.822785962852901
-6.232386059854804
-3.234228548379627
-21.90855853746184
-21.90855853746184
-21.90855853746184
-21.90855853746184
-21.90855853746184
-21.90855853746184
-21.90855853746184
-21.90855853746184
-21.90855853746184
-21.90855853746184
-21.90855853746184
-21.90855853746184
-21.90855853746184
-21.90855853746184
-21.90855853746184
-21.90855853746184
-21.90855853746184
-21.90855853746184
-21.90855853746184
-21.90855853746184
-6.1286934767845676
21.99315575595516
15.8816731467886
-3.0282050466350254
-1.4241221867722635
40.743657169506044
39.90963362205468
39.91215608275486
40.96128519938301
28.180169807069085
-2.129983735544107
13.213811603531425
-35.396250910324916
-2.181896988275536
16.152570271891992
-23.506066134229847
40.38448493332063
40.830052442212235
28.185462118309783
39.61115177971702
39.20433370557827
40.00255686115715
39.598667555569165
-0.4662892285318037
-1.2325832944299693
39.59557658081313
40.00912304059915
39.97515961843319
41.002941881223784
39.61157072477685
40.01013809230219
23.796630012902874
40.00836859400057
38.14652474135952
39.01841268207279
39.00837416146853
40.01396826295657
40.00138086159434
38.966316664003934
39.978367578239755
38.94591204051696
37.89054428586246
39.924983699120354
35.46997704775068
40.00537161394663
39.99752303027474
39.938110926524885
37.859419173462825
39.987812109913506
39.97620501926882
39.97089257909886
39.970072314701966
0.4497317922723192
38.897371192980614
38.9373609045276
39.9751936067571
39.77562437068718
39.55765196438002
39.97322893576955
39.82394165849763
39.63449476958853
34.433138821212566
39.98810015283599
39.983855042367296
39.932996442820716
30.026368233553555
-1.8969769786569857
-6.977446829141655
-4.203347091804287
-3.481597938084966
-10.897486755931567
-25.015118600071872
-4.739518346158622
-18.590993153593043
-75.33801296625393
-10.249244546206224
-5.038718715953199
-3.498013413480423
-12.247781087666246
-65.95480791328902
-58.228296321782715
-22.796408139520974
-68.85139487273157
-14.505379607173253
-13.340635230830014
-6.308127380659875
-3.7074738671291816
-12.493085929637974
-2.56296387508608
-9.959251915056162
-36.00736919553219
-67.37460832514618
-0.9341282695673829
-23.86437746962294
16.478764356446238
7.3117672932828945
40.98287068036736
40.9703334484218
40.98435372020639
39.98133804288849
40.95763253434376
40.95763253434376
40.95763253434376
40.95763253434376
40.95763253434376
40.95763253434376
40.95763253434376
40.95763253434376
40.95763253434376
40.95763253434376
40.95763253434376
40.95763253434376
40.95763253434376
40.95763253434376
40.95763253434376
40.95763253434376
40.95763253434376
40.95763253434376
40.95763253434376
40.95763253434376
40.95763253434376
40.95763253434376
40.95763253434376
40.95763253434376
40.95763253434376
40.95763253434376
40.95763253434376
40.95763253434376
40.95763253434376
40.95763253434376
40.95763253434376
40.95763253434376
40.95763253434376
40.95763253434376
40.95763253434376
40.95763253434376
40.95763253434376
40.95763253434376
40.95763253434376
40.95763253434376
40.95763253434376
40.95763253434376
40.95763253434376
40.95763253434376
40.95763253434376
40.95763253434376
40.95763253434376
40.95763253434376
40.95763253434376
40.95763253434376
40.95763253434376
40.95763253434376
40.95763253434376
40.95763253434376
40.95763253434376
40.95763253434376
40.95763253434376
40.95763253434376
40.95763253434376
40.95763253434376
40.95763253434376
40.95763253434376
40.95763253434376
40.95763253434376
40.95763253434376
40.95763253434376
40.95763253434376
40.95763253434376
40.95763253434376
40.95763253434376
40.95763253434376
40.95763253434376
40.95763253434376
40.95763253434376
40.95763253434376
40.95763253434376
40.95763253434376
40.95763253434376
40.95763253434376
40.95763253434376
40.95763253434376
40.95763253434376
40.95763253434376
40.95763253434376
40.95763253434376
40.95763253434376
40.95763253434376
40.95763253434376
40.95763253434376
40.95763253434376
40.95763253434376
40.95763253434376
40.95763253434376
40.95763253434376
40.95763253434376
40.95763253434376
40.95763253434376
40.95763253434376
40.95763253434376
40.95763253434376
39.993495174406874
39.979406360761516
-20.79502272455692
40.99558149574562
39.99978734804766
40.98823772068184
40.99826147334997
40.99613504428329
40.95895456253905
40.01073991037744
40.009733121842736
40.02416513003726
40.002979474901906
41.001200759812974
41.00052040381226
40.98643594267864
39.974695456305334
39.986752597629845
37.79286585968412
40.9978819507336
40.98313190539279
24.964367028046002
40.983013415252515
40.98491685402942
41.00613939172628
39.86423457982177
40.00911832049026
40.99505305157074
41.005533472981114
40.989516799402345
40.999576612185315
40.85420015515433
40.97893417428828
40.97276635420996
39.943039997984975
40.84959306987589
12.961234056021281
15.98835649136088
-14.695809610295937
-0.24275957459319034
-0.3473176457293739
-2.012766201103275
-0.38267083807470575
38.98460854149909
38.97740019995251
38.57990569976886
38.98421610945927
37.36577891093085
39.96681025643847
39.72028174819244
39.56916270732259
-0.28366373032013004
-3.0691504348220557
-1.4432242642053466
16.689539294176384
39.92494320707242
39.95248741211804
39.926186435092156
39.93965834257117
38.91360813072934
38.927157440547305
40.00081135536021
39.98874824329232
39.985059050234796
39.97050632064455
26.507803083243694
27.578890091289324
38.96986503908497
39.94897665773183
-1.2874395775961982
39.98168528799564
41.0057501086262
40.99359311288988
31.933706934817554
23.964253224381967
15.539018495207555
38.17517490656519
39.93336314413566
29.061285229746364
39.79140437396332
28.83464597231052
39.963410877778784
40.999932341069595
39.97532715192165
22.78675192846506
26.9050837435017
32.93779409959249
26.799379316506055
39.79789761903237
27.95781594875824
31.00924813520297
35.00724067728167
33.001144367957295
33.004987793921465
33.995339111026006
34.9932971151913
40.99813949705232
34.007993009788244
36.00999210057098
13.956656599636753
40.99689941738018
40.99689941738018
40.99689941738018
40.99689941738018
40.99689941738018
40.99689941738018
40.99689941738018
40.99689941738018
40.99689941738018
40.99689941738018
40.99689941738018
40.99689941738018
40.99689941738018
40.99689941738018
40.99689941738018
40.99689941738018
40.99689941738018
40.99689941738018
40.99689941738018
40.99689941738018
40.99689941738018
40.99689941738018
40.99689941738018
40.99689941738018
40.99689941738018
40.99689941738018
40.99689941738018
40.99689941738018
40.99689941738018
40.99689941738018
40.99689941738018
40.99689941738018
40.99689941738018
40.99689941738018
40.99689941738018
40.99689941738018
40.99689941738018
40.99689941738018
40.99689941738018
40.99689941738018
40.99689941738018
40.99689941738018
40.99689941738018
40.99689941738018
40.99689941738018
40.99689941738018
40.99689941738018
40.99689941738018
40.99689941738018
40.99689941738018
40.99689941738018
40.99689941738018
40.99689941738018
40.99689941738018
40.99689941738018
40.99689941738018
40.99689941738018
40.99689941738018
40.99689941738018
40.99689941738018
40.99689941738018
40.99689941738018
40.99689941738018
40.99689941738018
40.99689941738018
40.99689941738018
40.99689941738018
40.99689941738018
40.99689941738018
40.99689941738018
40.99689941738018
40.99689941738018
40.99689941738018
40.99689941738018
40.99689941738018
40.99689941738018
40.99689941738018
40.99689941738018
40.99689941738018
40.99689941738018
40.99689941738018
40.99689941738018
40.99689941738018
40.99689941738018
40.99689941738018
40.99689941738018
40.99689941738018
40.99689941738018
40.99689941738018
40.99689941738018
40.99689941738018
40.99689941738018
40.99689941738018
40.99689941738018
40.99689941738018
40.99689941738018
40.99689941738018
40.99689941738018
40.99689941738018
40.99689941738018
15.784680637365335
37.75043138110816
40.9823926021426
40.99305179762665
38.20483453246989
39.99801105234169
39.98310867649034
40.013611456813386
39.99348162737974
39.99821218817678
39.80343914803746
41.00833485863536
41.01370922749952
40.01044304462148
40.00305089619114
40.994778448845274
41.01321485100519
41.01348935450108
41.0092145022647
40.998400284687534
41.00287959942811
41.00436448494484
41.000229946126936
41.0036592920228
41.00549599520824
41.005231736753395
39.61965010788446
41.00609713311946
40.992382600944524
40.97678326399419
40.90272041043685
40.99145220854302
40.948817574415514
40.97776496180414
40.80200519748261
40.85999793126512
40.941105615037536
40.87368853457637
40.94932839915425
40.95476926273473
40.944153813317484
40.93487791024095
40.815502556482585
40.947150419367404
40.95274218845603
40.958428067509054
40.95189866296274
40.94315084326103
40.94048339475464
40.93723114503277
40.92713502156472
39.8791624000187
39.92955345481645
40.969273112802405
40.960894488042
40.95949317580869
39.936018668193036
39.917366636884154
39.932655874813
40.95034872863393
38.63619224987519
40.97594190811053
39.873847532165115
39.94197670471418
39.913174845550955
39.94140860269893
39.90662220586589
39.95052325370925
39.95197340749638
39.899834184048956
16.465108464604135
-35.36158797730969
37.63786909361387
37.616647315954914
27.425776952720632
34.74725253073514
32.55733959768823
35.70430981599552
36.542299343963116
38.82439689594876
38.79422550665292
38.817416714058574
39.80383434447377
32.754444450631446
22.233429475313997
28.079788819461047
40.82698175537973
39.91434909055845
6.7367772581910845
39.71925596988597
39.93892929398311
39.945797440999506
39.79409073678152
37.13067880892972
20.80819231545945
38.3986171639752
36.88808536598002
38.90153386655555
36.937972238399624
40.91048845469563
40.94790120786199
40.94790120786199
40.94790120786199
40.94790120786199
40.94790120786199
40.94790120786199
40.94790120786199
40.94790120786199
40.94790120786199
40.94790120786199
40.94790120786199
40.94790120786199
40.94790120786199
40.94790120786199
40.94790120786199
40.94790120786199
40.94790120786199
40.94790120786199
40.94790120786199
40.94790120786199
40.94790120786199
40.94790120786199
40.94790120786199
40.94790120786199
40.94790120786199
40.94790120786199
40.94790120786199
40.94790120786199
40.94790120786199
40.94790120786199
40.94790120786199
40.94790120786199
40.94790120786199
40.94790120786199
40.94790120786199
40.94790120786199
40.94790120786199
40.94790120786199
40.94790120786199
40.94790120786199
40.94790120786199
40.94790120786199
40.94790120786199
40.94790120786199
40.94790120786199
40.94790120786199
40.94790120786199
40.94790120786199
40.94790120786199
40.94790120786199
40.94790120786199
40.94790120786199
40.94790120786199
40.94790120786199
40.94790120786199
40.94790120786199
40.94790120786199
40.94790120786199
40.94790120786199
40.94790120786199
40.94790120786199
40.94790120786199
40.94790120786199
40.94790120786199
40.94790120786199
40.94790120786199
40.94790120786199
40.94790120786199
40.94790120786199
40.94790120786199
40.94790120786199
40.94790120786199
40.94790120786199
40.94790120786199
40.94790120786199
40.94790120786199
40.94790120786199
40.94790120786199
40.94790120786199
40.94790120786199
40.94790120786199
40.94790120786199
40.94790120786199
40.94790120786199
40.94790120786199
40.94790120786199
40.94790120786199
40.94790120786199
40.94790120786199
40.94790120786199
40.94790120786199
40.94790120786199
40.94790120786199
40.94790120786199
40.94790120786199
40.94790120786199
40.94790120786199
40.94790120786199
40.94790120786199
40.94790120786199
40.10933411865455
39.638230763430656
37.12174555776773
40.689101250580784
31.66791719574132
39.91034120235308
39.882371300658164
39.94568364747858
32.961089271178615
37.24221812647417
35.858289063229286
-1.146522242671315
38.90741067844596
5.438771345866726
-24.654863430165427
39.94238854942586
38.90372018192814
-36.27281982618689
39.90839593390653
37.89701751173145
35.823299612677424
12.110060677278423
38.795860297014904
39.854682092697594
39.89103836951425
39.85010340591513
39.830538768581256
39.86327379621566
-11.774986795896169
39.8923761992423
15.93147006222944
5.757709831457035
-4.258904627307652
40.9583614899545
40.95020223905176
40.95374941047948
40.498652949588774
40.63186488407801
40.96363597279961
40.97308829978413
39.91005562577046
39.90315719485226
39.86367821530684
39.63384820457558
38.91571705421723
39.864813091721565
39.88534635602921
39.88308060467638
39.10945847337991
34.357575666136135
39.332079243959065
40.76090657477212
40.740254932965755
40.74451698066083
40.775156870142744
40.76995849267268
40.97546465131232
40.97403594575109
40.98902058587696
40.98702070614057
40.9885339399048
40.96935281175295
40.84489891532243
40.988630036865786
40.988593700651315
40.975369347907005
40.95683754686273
40.95145213470242
39.915120485244756
-6.300586093852719
12.27970675014816
28.931938874397567
40.976884348683214
39.9494267238011
0.79736689917998
40.93246417327076
40.85285667704266
39.9268432025503
39.94468613352763
39.839679579673835
39.87714415790371
15.313967517928074
36.99426399818074
34.49491160396035
-17.213429727717802
38.754763266091615
38.95125699283123
38.97910962196211
38.98425805379212
24.317611884574994
-1.5059992389193506
-18.014418039742942
40.977341990631245
40.920512055534736
39.329342348857104
37.55578795830567
38.750666091436614
-9.602002641540322
9.681584578208765
37.426324950127636
40.952718730515315
40.952718730515315
40.952718730515315
40.952718730515315
40.952718730515315
40.952718730515315
40.952718730515315
40.952718730515315
40.952718730515315
40.952718730515315
40.952718730515315
40.952718730515315
40.952718730515315
40.952718730515315
40.952718730515315
40.952718730515315
40.952718730515315
40.952718730515315
40.952718730515315
40.952718730515315
40.952718730515315
40.952718730515315
40.952718730515315
40.952718730515315
40.952718730515315
40.952718730515315
40.952718730515315
40.952718730515315
40.952718730515315
40.952718730515315
40.952718730515315
40.952718730515315
40.952718730515315
40.952718730515315
40.952718730515315
40.952718730515315
40.952718730515315
40.952718730515315
40.952718730515315
40.952718730515315
40.952718730515315
40.952718730515315
40.952718730515315
40.952718730515315
40.952718730515315
40.952718730515315
40.952718730515315
40.952718730515315
40.952718730515315
40.952718730515315
40.952718730515315
40.952718730515315
40.952718730515315
40.952718730515315
40.952718730515315
40.952718730515315
40.952718730515315
40.952718730515315
40.952718730515315
40.952718730515315
40.952718730515315
40.952718730515315
40.952718730515315
40.952718730515315
40.952718730515315
40.952718730515315
40.952718730515315
40.952718730515315
40.952718730515315
40.952718730515315
40.952718730515315
40.952718730515315
40.952718730515315
40.952718730515315
40.952718730515315
40.952718730515315
40.952718730515315
40.952718730515315
40.952718730515315
40.952718730515315
40.952718730515315
40.952718730515315
40.952718730515315
40.952718730515315
40.952718730515315
40.952718730515315
40.952718730515315
40.952718730515315
40.952718730515315
40.952718730515315
40.952718730515315
40.952718730515315
40.952718730515315
40.952718730515315
40.952718730515315
40.952718730515315
40.952718730515315
40.952718730515315
40.952718730515315
40.952718730515315
-1.475300305135074
9.142838323627211
36.977999434219086
38.020098205345704
38.03266104894763
37.01652107486256
38.01045877468681
37.98395652273618
38.89566673971458
38.885282192492355
37.99291123199748
38.8812181553433
38.90472319974181
38.99676014878212
39.007488446170285
39.68212503730336
39.94636322658814
39.88646980007189
29.92130862615127
39.84271018371585
40.9191831785347
40.68901277310814
30.993659814884715
40.77353205835521
40.932062406629605
33.92819588073608
38.35438256884909
39.67532511926119
39.913846041351675
31.90958646175497
32.90173321005098
36.451638650177934
-27.267464425585523
39.78007484123818
-51.95811455867071
39.82853103063864
39.81104435305545
-12.268473035868274
-14.07589410864673
-8.85979928211295
-16.595128350582794
-12.181077524943001
29.526681829432125
40.956504152974674
40.96283070572033
40.97901104725902
40.98612430931227
39.907628890465176
38.81142045944329
36.737496647915464
39.91609775271275
40.96909222314971
40.97361798212966
39.92778531807125
40.95743317823651
40.98276366179712
40.93729485631511
40.98213935174122
40.90924043303391
39.923998122216865
39.94551671538171
39.88856645518881
39.89264875408217
39.8916859055344
39.96137339978651
40.956483162573164
39.93835349197195
39.89796186249825
40.958849429822614
40.83860352705473
40.96792819432535
40.96822734639909
40.96405200632792
40.93492452252842
40.97290077309935
40.963209471611286
40.963929112737404
40.92219126026708
40.89194110981883
40.94668209476789
40.96153584622618
39.971588590594855
24.369762173093502
-20.80218216533117
-35.43795255673415
-26.680540779690915
-7.894212490629517
-46.48837620750386
-16.492394560614063
-1.9026368398944156
-14.204241397765896
-29.36199980457568
-25.729557090350983
-8.694468656288603
23.999178272996833
-0.920309608814695
30.635276263249324
-17.790350797781795
-4.212885990190666
28.33940067742773
40.87801857026098
40.87801857026098
40.87801857026098
40.87801857026098
40.87801857026098
40.87801857026098
40.87801857026098
40.87801857026098
40.87801857026098
40.87801857026098
40.87801857026098
40.87801857026098
40.87801857026098
40.87801857026098
40.87801857026098
40.87801857026098
40.87801857026098
40.87801857026098
40.87801857026098
40.87801857026098
40.87801857026098
40.87801857026098
40.87801857026098
40.87801857026098
40.87801857026098
40.87801857026098
40.87801857026098
40.87801857026098
40.87801857026098
40.87801857026098
40.87801857026098
40.87801857026098
40.87801857026098
40.87801857026098
40.87801857026098
40.87801857026098
40.87801857026098
40.87801857026098
40.87801857026098
40.87801857026098
40.87801857026098
40.87801857026098
40.87801857026098
40.87801857026098
40.87801857026098
40.87801857026098
40.87801857026098
40.87801857026098
40.87801857026098
40.87801857026098
40.87801857026098
40.87801857026098
40.87801857026098
40.87801857026098
40.87801857026098
40.87801857026098
40.87801857026098
40.87801857026098
40.87801857026098
40.87801857026098
40.87801857026098
40.87801857026098
40.87801857026098
40.87801857026098
40.87801857026098
40.87801857026098
40.87801857026098
40.87801857026098
40.87801857026098
40.87801857026098
40.87801857026098
40.87801857026098
40.87801857026098
40.87801857026098
40.87801857026098
40.87801857026098
40.87801857026098
40.87801857026098
40.87801857026098
40.87801857026098
40.87801857026098
40.87801857026098
40.87801857026098
40.87801857026098
40.87801857026098
40.87801857026098
40.87801857026098
40.87801857026098
40.87801857026098
40.87801857026098
40.87801857026098
40.87801857026098
40.87801857026098
40.87801857026098
40.87801857026098
40.87801857026098
40.87801857026098
40.87801857026098
40.87801857026098
40.87801857026098
39.96112679428589
40.98378901912723
40.98692028097851
40.955843925130694
40.94085921124727
40.96280643401559
40.9755005396913
39.95595976756849
39.932652219223684
39.93841116008677
40.94949707850033
40.98454593320917
40.994573739666464
40.952288806930824
40.9575916456605
40.97452070515358
40.98564971282561
40.97240921467484
40.97486619313515
39.97334499368935
39.69336575690042
39.74368027036185
39.74379051224551
34.002914187729125
-11.542726136069614
-7.728773030516176
-6.280931402707252
-2.1946470262368023
-1.2447091709922982
-30.16172240233942
-25.74909368707481
-0.6255556560984802
-0.4810353411020222
-3.5250321539719294
-63.48715946653132
-84.48394434366742
-96.13603909509314
-92.9201443422579
-59.949316471602856
-1.6852864348394665
-34.34376693666341
-18.248087005516005
-1.6400158110898118
-53.63047031596738
-124.64991184133125
-112.17896561401349
-106.95294073691768
-88.96272899054166
-63.312014908449655
-37.32564653168183
-16.74054456406035
-39.56912209308429
-20.126249248605262
-42.53037758055681
-13.792477345443022
-9.921403400944115
-42.4722229000956
-70.10855432309386
-46.46414791282986
25.48666181751981
-2.7675584606730324
-63.527034809127414
-46.797010449363874
-24.47172906516076
-2.0098978028568006
-4.86891523652563
-4.894853514586035
-9.583981777110036
-5.7477862704211535
-56.09425388593994
-99.48764868361194
-105.11295344116188
-118.15077035448982
-118.51185156066178
-115.57715810761026
-73.97183558045467
-32.26390018971971
-0.8559756312275945
-9.532417243465103
-14.611050258593355
-28.286338157791636
-43.21525055964027
-48.61553125434389
-2.9931443615142004
-59.46895065939314
-66.7114482641914
-40.884201579501784
-40.847353729309084
-37.6877601351717
-24.379466688068682
-18.246165517842336
-0.4526517862660884
-1.44039277163063
-23.77829557276547
-33.04186186658746
-62.87800805662206
-70.40189970736503
-78.30920915998283
-41.76333240749622
-28.924518243844815
-35.46921906718646
-27.566525865339354
-9.715576769872117
-25.77226996572837
-11.020736703801065
-27.33581074438387
-48.55684285795931
-18.99741459007144
9.594886289133317
-0.9439443035437083
-0.6618776400407069
-10.055905554984676
-24.838479119111902
-30.359697056216355
-31.335472566926818
-36.68968155372287
-29.220696952961898
-12.886971058448792
-4.36016617186971
-8.06335748856121
25.283788858000598
-0.45309250213551927
-4.109969465518436
-46.315964442025425
-5.0900426789773965
-5.0900426789773965
-5.0900426789773965
-5.0900426789773965
-5.0900426789773965
-5.0900426789773965
-5.0900426789773965
-5.0900426789773965
-5.0900426789773965
-5.0900426789773965
-5.0900426789773965
-5.0900426789773965
-5.0900426789773965
-5.0900426789773965
-5.0900426789773965
-5.0900426789773965
-5.0900426789773965
-5.0900426789773965
-5.0900426789773965
-5.0900426789773965
-87.52187585926931
-40.37347612699959
-55.53139132956484
-21.656410598299985
-63.13098654324917
-101.96430412238621
-92.40653537026245
-113.7202905309038
-124.68981250081208
-119.06439932166865
-64.57950705944533
-40.501104901541126
-61.9909886339265
-78.05903321975188
-46.83786697709205
-65.54949949059906
-81.04456212661098
-64.44619510955003
-92.55552633592959
-105.93412906139618
-118.30315867158858
-123.50878999897944
-86.23964466714474
-89.47680627500658
-42.71806160774249
-56.76952036827407
-13.543450660359314
-27.952089529826537
-58.18409371837706
-6.97904609475449
-8.246360104007985
-13.620701791438393
-1.9304654805284045
-1.4426729165071643
-12.997180570520264
-16.396296070659222
-8.135271297623337
-33.2214718033322
-23.156472211363887
-17.23076586533363
-33.53409842253709
-76.29536611442533
-19.219086649394107
-47.85600118906252
-91.33723383048786
-75.81617621081004
-77.3362936046499
-111.78237840514154
-124.38931439826325
-104.5730409019168
-123.23583194160722
-87.95919533049256
-123.13168751791973
-119.46501977877955
-101.57077204271083
-116.98687635621702
-72.54470806283372
-106.9149193572171
-100.62831690702221
-55.652013717360056
-110.23794219420341
-65.03550945087304
-60.34912833242825
-56.32111919224456
-22.138591292663058
-10.502916330720819
-10.264268455695502
-26.62086475950653
-22.500092132533283
-51.20079770843212
-17.98246575805123
-11.833951973883451
-4.46868568357625
-5.293097848923854
-40.41215754254341
-2.1113290892919006
-16.79369706230022
-33.47828797913957
-37.559264293663375
-51.04315506732975
-45.578952118766836
-73.33161934652625
-68.79485982078909
-17.697059659776606
-26.749962962537992
-14.170114542152257
-6.634697720663762
-7.506545941310616
-11.099458499679395
-12.576647236504822
-28.30698246565461
-88.49368057002972
-110.96680921930101
-94.38610536473595
-79.5011725183944
-87.89757906876464
-30.437464016063032
-39.33147269110326
-32.65648215592917
-39.449824674673614
-5.0900426789773965
-5.0900426789773965
-5.0900426789773965
-5.0900426789773965
-5.0900426789773965
-5.0900426789773965
-5.0900426789773965
-5.0900426789773965
-5.0900426789773965
-5.0900426789773965
-5.0900426789773965
-5.0900426789773965
-5.0900426789773965
-5.0900426789773965
-5.0900426789773965
-5.0900426789773965
-5.0900426789773965
-5.0900426789773965
-5.0900426789773965
-5.0900426789773965
-36.92538676799669
-12.011176342769037
-4.228102218502057
-24.504691792657656
-29.9027859301423
-35.26047981811137
-70.92116809435873
-9.003377986741572
-1.2573582767549492
-16.36892483981314
-39.67542194204969
-19.84629622004613
-18.654482345737993
-1.536421521369427
-12.77651430044283
-15.180560098502593
-23.045623234307953
-5.0779609260557805
-4.652872744979302
-3.2765232461043072
-3.631641954284815
-5.029225869750716
-26.673676189212255
-8.98940059775587
-6.181353948514767
-7.957584032842371
-33.91657908734578
-7.536441522313919
-3.260924476361067
-29.64319508648425
-58.752908940586785
-41.37835830818691
-1.8835270287322317
-3.564050282926868
25.3329113422151
27.19022690964368
-1.8463087222066652
-0.511919439019885
30.763839590665714
24.27569803512372
-3.4840210708482404
25.47689564557431
28.60578321230593
-0.5249872817195604
-0.6695650772656494
-18.336400154493678
-4.405710658893372
-32.14112539855444
-29.520340729506508
-20.539058580400333
-46.42440565851254
-49.27256054284227
-36.78369237973916
-35.66843845054223
-47.491018180063605
-25.949137221122868
-9.992094904671891
-5.865130619092025
-1.1427901088840102
-5.464645083679403
-5.566794825704187
-8.282217676964075
-17.971148636867472
-12.83343332802118
-20.107422613570378
-18.70476178230534
-8.461517223657555
-8.374501786245643
-6.2700140594587435
-25.58206312572569
-38.859065117295636
-72.88714008846773
-94.73772409172287
-113.71772263743006
-134.20748214743526
-127.26079690308953
-128.64940710663132
-81.6913950942783
-74.03510650332045
-51.60491719367285
-14.634766493988192
-13.70077721650734
-58.762246955345326
-70.48330429502614
-77.30010632029784
-67.25171196496554
-49.27560308292275
-31.398587300334732
-12.643395533093228
-4.270273012081918
-64.29683989006566
-3.70985109819319
-43.981286036363684
-16.500064094534594
-25.61597092863965
-36.887516660544804
-61.99973522522562
-20.62941259571231
-49.54936656872177
-75.78394404109811
-5.0900426789773965
-5.0900426789773965
-5.0900426789773965
-5.0900426789773965
-5.0900426789773965
-5.0900426789773965
-5.0900426789773965
-5.0900426789773965
-5.0900426789773965
-5.0900426789773965
-5.0900426789773965
-5.0900426789773965
-5.0900426789773965
-5.0900426789773965
-5.0900426789773965
-5.0900426789773965
-5.0900426789773965
-5.0900426789773965
-5.0900426789773965
-5.0900426789773965
-39.01212842766807
-3.2437370489399946
-44.78595959379306
-2.1718525711391523
-1.6154852103449664
-18.742501827303744
-12.994934327185975
-66.37919181399496
-30.378068123748356
-9.415189441005996
-36.14892946820064
-21.7908306932518
-25.079457138413453
-30.464260668276378
-72.11601581579028
-68.21198145517043
-12.18594851967007
-25.60766750431971
-36.38107173785129
-16.74022866175667
-60.12675673419347
-45.80477748364353
-9.054046568927426
-6.7346192905829785
-1.283784050753436
-0.42002102879619285
4.969679397434171
25.222006587077583
-1.9536105294088761
-6.392297598592097
-11.656178597919894
-1.4829936094051808
-38.979139165209304
-1.5464165000753252
-2.7327025450963007
-1.8772672116391493
-0.8948945178236068
-40.2151173039628
-3.270752988202979
-4.669542657086226
-33.200761277488304
-3.2482184231003686
-1.4594740515415854
-1.3164502713290327
-0.5587245788692138
-0.40670877547298795
-2.5550029553684825
-0.6388568279215787
-0.5370334860316281
-0.4486799244440006
-9.803884945285155
-1.8655097700226089
-0.6083307247568062
-18.96761120525236
-21.110123271795086
-19.09868396600802
-19.732283862882813
-24.095987735205796
-1.2517239669331395
-10.518995552998486
-30.821495784530867
-18.989590798647203
-22.806074896403388
-19.410464802111072
-9.500413133487497
-10.517958548316816
-7.858695130865652
-0.5216066862190468
-0.6597472227707603
-1.020053301250505
-6.464720716169752
-63.59974902718494
-57.21664269982584
-39.39878994132359
-37.02033820074655
-19.907779627382624
-20.965642102977565
-3.8594314783554595
-6.547680117009175
-4.091306631526795
-10.91826633821824
-7.401159412708044
-5.219251439740976
32.865599639525286
-0.23727825543829273
10.6478899553153
10.71896282337386
4.2133077815101005
-7.196356733673959
-4.89508224204035
-0.49569781587120376
-28.266377306607676
-28.637062393036313
-9.467081137598171
-15.103504682336135
-35.50540006186274
-1.1109594662374638
-1.5426653512695547
-5.062714795679744
-4.571721426880073
-4.621221150944337
-4.621221150944337
-4.621221150944337
-4.621221150944337
-4.621221150944337
-4.621221150944337
-4.621221150944337
-4.621221150944337
-4.621221150944337
-4.621221150944337
-4.621221150944337
-4.621221150944337
-4.621221150944337
-4.621221150944337
-4.621221150944337
-4.621221150944337
-4.621221150944337
-4.621221150944337
-4.621221150944337
-4.621221150944337
-46.23150783544108
-21.53923985606203
-17.76721681875558
-67.98025613728834
-22.487188454387923
-21.25073040466057
-9.39244058505929
-7.464933944399763
-27.96322788352242
-6.072828573819048
29.814386745496734
-2.8597835351748953
23.49339402955236
-7.261731085074245
-14.324149121548997
-8.023343256630744
-1.9196899108060634
-14.197177359621286
-58.79872817125626
-2.0681284881529858
-53.80558726272458
-0.4355957014906699
-0.33002440579073405
-3.2253268807077213
-0.09206927138466346
8.153451186514147
-0.19094034862561726
-0.1443840941432284
-4.719453319225985
-6.889561523318035
-0.9170233961459581
-0.9169701516103913
-0.7132568504408094
-0.36532035425678827
-3.498485505648114
-2.521508004485317
-36.61888152308209
-70.8828305250856
-6.711476276003913
-0.233005033470794
24.365688997439626
-30.123638710943414
24.059503093441556
22.920537592040937
39.980158895908794
30.137452758670698
31.428524530800797
21.827921834871262
29.316186550057722
8.94231253571247
8.086826269798951
34.226088985740226
40.66543289779871
14.435700132658528
39.92568230324485
40.91458628697978
24.68360264103244
40.119620388521064
-0.18306542426748904
32.05398128814385
-59.22493501137206
-0.8021325709935465
-1.619752927483547
-0.9188043080023504
-2.4374990446245532
-2.515855349362349
-2.6530257675054
39.74707009015428
38.685885604817024
38.67603502256035
-3.1948806497704414
-1.2424798430954702
-6.117870132580988
-26.852615146200655
-0.7026091567995875
-0.7622111048919614
-3.574650465970699
39.909318566912674
39.933679951991635
39.86805694780968
38.806274516088344
4.817775358402952
-80.31267107434859
-0.5221178537210532
-75.13890794358905
-5.756958539444066
-2.0342641480199846
-4.483904847048614
-17.756069203653002
-2.9663056140621906
-33.034166243479355
-23.203507718125074
-35.61545538504672
-34.05954031513773
5.079510052267927
-25.542742588230453
28.842120583261803
-28.215551423393258
35.975204806442775
35.94887932813116
39.97707044074922
39.97707044074922
39.97707044074922
39.97707044074922
39.97707044074922
39.97707044074922
39.97707044074922
39.97707044074922
39.97707044074922
39.97707044074922
39.97707044074922
39.97707044074922
39.97707044074922
39.97707044074922
39.97707044074922
39.97707044074922
39.97707044074922
39.97707044074922
39.97707044074922
39.97707044074922
39.97707044074922
39.97707044074922
39.97707044074922
39.97707044074922
39.97707044074922
39.97707044074922
39.97707044074922
39.97707044074922
39.97707044074922
39.97707044074922
39.97707044074922
39.97707044074922
39.97707044074922
39.97707044074922
39.97707044074922
39.97707044074922
39.97707044074922
39.97707044074922
39.97707044074922
39.97707044074922
39.97707044074922
39.97707044074922
39.97707044074922
39.97707044074922
39.97707044074922
39.97707044074922
39.97707044074922
39.97707044074922
39.97707044074922
39.97707044074922
39.97707044074922
39.97707044074922
39.97707044074922
39.97707044074922
39.97707044074922
39.97707044074922
39.97707044074922
39.97707044074922
39.97707044074922
39.97707044074922
39.97707044074922
39.97707044074922
39.97707044074922
39.97707044074922
39.97707044074922
39.97707044074922
39.97707044074922
39.97707044074922
39.97707044074922
39.97707044074922
39.97707044074922
39.97707044074922
39.97707044074922
39.97707044074922
39.97707044074922
39.97707044074922
39.97707044074922
39.97707044074922
39.97707044074922
39.97707044074922
39.97707044074922
39.97707044074922
39.97707044074922
39.97707044074922
39.97707044074922
39.97707044074922
39.97707044074922
39.97707044074922
39.97707044074922
39.97707044074922
39.97707044074922
39.97707044074922
39.97707044074922
39.97707044074922
39.97707044074922
39.97707044074922
39.97707044074922
39.97707044074922
39.97707044074922
39.97707044074922
-7.115186729459778
-4.497734386222224
35.960631728833036
39.96229939252912
36.940585608770164
-7.20624484180001
-83.35335257117342
-13.848515894528978
-12.3009112304231
-26.448370819732418
-13.55736655443923
-19.297707773904857
-33.78955908936272
-23.296458141887648
-41.62497604036891
-33.12274505002604
-33.21680269609674
-116.79045424343062
16.522219099772084
16.577385385850086
-43.65049529177453
33.8447406123006
5.131692794759786
27.846745408461974
-27.539330633577734
-81.33024592068158
-26.457815958047664
33.78504463264947
33.95269135314699
33.949427328660846
39.86833482196903
39.83515919231584
39.81085988481616
-29.61709348981003
32.85433462474608
-6.818604859946563
-7.64690342118975
27.726715835656112
36.89174580442309
36.88559516915954
39.81617494450537
4.18121982340092
19.380799607404562
-7.180263819301889
20.38357717182809
17.692220923864333
18.35355910405821
-0.9007698657482007
-1.3080428744825643
35.1654006972664
29.96822931339862
34.954443359403406
-0.9490477213231245
-3.0712575091735976
-45.41127013305537
28.801953913407473
30.705467043004532
31.647528386103602
33.77947242475996
-0.7088582595705618
32.7902932205624
-0.6151481417861601
-22.60043390029705
-31.864004727451402
-37.22050500079925
-38.42854867347611
7.027885351514061
38.92165912326168
38.80516768189127
38.732376037011896
38.77802029902359
38.8130438364415
39.908507261857196
39.92800023844388
39.84208057865014
39.87199661011433
39.92715942537425
38.56628249348983
30.31821592874547
39.88262120927093
39.80788685288845
39.768793291637046
39.69516137370749
38.65279369278997
38.521522494487044
39.73629013589497
-21.81804648616803
-39.130528098061056
38.61819318262747
-1.9696524639740935
2.543359679161002
0.20392550724648018
39.750621303715604
39.78868112555366
39.75778484643731
39.753308958332795
39.817704301639594
39.8371017870876
39.85823367510109
39.80569201299881
40.95974031790068
40.95974031790068
40.95974031790068
40.95974031790068
40.95974031790068
40.95974031790068
40.95974031790068
40.95974031790068
40.95974031790068
40.95974031790068
40.95974031790068
40.95974031790068
40.95974031790068
40.95974031790068
40.95974031790068
40.95974031790068
40.95974031790068
40.95974031790068
40.95974031790068
40.95974031790068
40.95974031790068
40.95974031790068
40.95974031790068
40.95974031790068
40.95974031790068
40.95974031790068
40.95974031790068
40.95974031790068
40.95974031790068
40.95974031790068
40.95974031790068
40.95974031790068
40.95974031790068
40.95974031790068
40.95974031790068
40.95974031790068
40.95974031790068
40.95974031790068
40.95974031790068
40.95974031790068
40.95974031790068
40.95974031790068
40.95974031790068
40.95974031790068
40.95974031790068
40.95974031790068
40.95974031790068
40.95974031790068
40.95974031790068
40.95974031790068
40.95974031790068
40.95974031790068
40.95974031790068
40.95974031790068
40.95974031790068
40.95974031790068
40.95974031790068
40.95974031790068
40.95974031790068
40.95974031790068
40.95974031790068
40.95974031790068
40.95974031790068
40.95974031790068
40.95974031790068
40.95974031790068
40.95974031790068
40.95974031790068
40.95974031790068
40.95974031790068
40.95974031790068
40.95974031790068
40.95974031790068
40.95974031790068
40.95974031790068
40.95974031790068
40.95974031790068
40.95974031790068
40.95974031790068
40.95974031790068
40.95974031790068
40.95974031790068
40.95974031790068
40.95974031790068
40.95974031790068
40.95974031790068
40.95974031790068
40.95974031790068
40.95974031790068
40.95974031790068
40.95974031790068
40.95974031790068
40.95974031790068
40.95974031790068
40.95974031790068
40.95974031790068
40.95974031790068
40.95974031790068
40.95974031790068
40.95974031790068
39.87495123043823
39.81670935358337
39.78420511498773
39.71616966757025
39.747735950024705
39.828856189597765
39.852795482338934
39.80857021891737
39.812469224271794
39.909397369408865
39.90702968776514
39.88797972408496
39.90816448677137
38.86518021852138
34.773276188842864
38.92508514978711
38.894480006536035
39.88645839407334
39.96611924605621
39.944661694649795
39.846846698554515
39.920425730996854
39.940701454125104
39.772332394880216
38.83287706982888
39.82826285663682
38.78415592800154
37.67914434305415
-39.343873153931675
38.84190771684488
38.918139602083556
39.92415421119543
39.91357532288797
39.832580449172866
39.76450949253474
40.90296979410326
40.79459009387351
40.944362870592315
40.942411422781184
40.939439395975114
40.93722109572224
39.94376185853721
39.87871506648392
40.95478947834399
39.96360588493935
39.98081283246105
39.87884995192057
38.97019454170898
-29.72915226316752
-15.329037009982066
36.59988723494481
32.52794985448729
-8.492220139968877
-14.616789952047174
-5.409797927358162
-8.18346965540949
-12.46350747247997
-14.823302629368056
-6.8261046884058345
-50.19102714643347
-28.11877323601756
-13.095802471237377
10.25820758743721
-19.877877089429408
14.37476858243024
-28.656613635971805
-85.82495209569898
-69.17443204798963
-38.51633034392404
40.87941428009073
40.89835099316367
-17.01164509556125
40.927865424869296
40.70278666536289
40.9058192630413
40.86652133936845
40.917647042908314
40.90027485938637
40.85320763159992
40.88859597703484
40.88197830779644
40.84885034763201
40.928046304386356
40.89974818418641
40.926656786925136
40.95451155814766
40.8221705750261
40.822543413116115
40.953120998853905
40.93799119791942
39.9305024830196
39.95037351749139
40.951382021670206
40.905543164187286
40.95202885042566
40.90764895708558
40.878879361256615
40.96052445241442
40.95210952742948
40.945737393646645
40.97707567739931
40.97707567739931
40.97707567739931
40.97707567739931
40.97707567739931
40.97707567739931
40.97707567739931
40.97707567739931
40.97707567739931
40.97707567739931
40.97707567739931
40.97707567739931
40.97707567739931
40.97707567739931
40.97707567739931
40.97707567739931
40.97707567739931
40.97707567739931
40.97707567739931
40.97707567739931
40.97707567739931
40.97707567739931
40.97707567739931
40.97707567739931
40.97707567739931
40.97707567739931
40.97707567739931
40.97707567739931
40.97707567739931
40.97707567739931
40.97707567739931
40.97707567739931
40.97707567739931
40.97707567739931
40.97707567739931
40.97707567739931
40.97707567739931
40.97707567739931
40.97707567739931
40.97707567739931
40.97707567739931
40.97707567739931
40.97707567739931
40.97707567739931
40.97707567739931
40.97707567739931
40.97707567739931
40.97707567739931
40.97707567739931
40.97707567739931
40.97707567739931
40.97707567739931
40.97707567739931
40.97707567739931
40.97707567739931
40.97707567739931
40.97707567739931
40.97707567739931
40.97707567739931
40.97707567739931
40.97707567739931
40.97707567739931
40.97707567739931
40.97707567739931
40.97707567739931
40.97707567739931
40.97707567739931
40.97707567739931
40.97707567739931
40.97707567739931
40.97707567739931
40.97707567739931
40.97707567739931
40.97707567739931
40.97707567739931
40.97707567739931
40.97707567739931
40.97707567739931
40.97707567739931
40.97707567739931
40.97707567739931
40.97707567739931
40.97707567739931
40.97707567739931
40.97707567739931
40.97707567739931
40.97707567739931
40.97707567739931
40.97707567739931
40.97707567739931
40.97707567739931
40.97707567739931
40.97707567739931
40.97707567739931
40.97707567739931
40.97707567739931
40.97707567739931
40.97707567739931
40.97707567739931
40.97707567739931
40.952234499676656
40.874918029288175
40.867276696176646
40.94959611707402
40.94740719170108
40.86753792488507
40.95410302103505
-21.024421461752784
40.95055840026595
40.94779286232318
40.96299529939603
40.959216484634226
28.865841237038325
40.93657661349073
40.84558490964445
40.938853744893095
39.93019985459296
39.914487370309516
39.93118695586531
39.87545734932468
39.911967895381544
39.94768735559959
39.92020195194716
39.90042309166384
40.93893647749591
40.89917009215049
40.926919376796356
40.94489006034504
40.86956829760973
40.87469659703483
40.92658803203059
40.91877300076709
40.90166924074438
40.94210198857194
40.81390079800416
40.9102406027814
40.93882778988918
40.776032610280936
40.81811022571216
40.92175871686486
40.818359116456506
40.95043838653477
40.969146728084695
40.94587770215144
40.95353066913974
40.48126879268338
40.78836148606585
40.898492056166795
40.95351877532945
40.888251241138796
40.947073205464996
40.9474391730088
40.9754660886841
40.91862391825031
40.95795879394043
40.92870392864703
39.847749875876836
39.89257017035579
39.887973177672464
39.80364097460336
38.71854104782196
39.84129543846499
39.82968590082002
38.71948367571181
39.79678927600148
39.81314486795131
38.9322192103048
39.845465246075676
38.87505547540199
39.94527967184802
40.89650889276078
39.80268865772518
40.85400156711699
39.849436347215395
39.80170460392799
39.80489546745642
38.66925912570117
39.76820274262654
39.833946569874286
39.851741420856726
38.728181860232645
39.79475204568827
39.772923957246505
24.798364873599876
-28.32340046521765
-30.024006591557566
-12.662515284764003
-22.670597221978987
-35.00587231088443
-58.77236571370069
28.549500593604122
30.02309012928939
32.093352277908195
34.64124618319574
-18.714081141785275
-4.514095028049368
37.86504730542967
16.982126430877358
-3.64961191424817
-9.50623423986019
40.99950596301246
40.99950596301246
40.99950596301246
40.99950596301246
40.99950596301246
40.99950596301246
40.99950596301246
40.99950596301246
40.99950596301246
40.99950596301246
40.99950596301246
40.99950596301246
40.99950596301246
40.99950596301246
40.99950596301246
40.99950596301246
40.99950596301246
40.99950596301246
40.99950596301246
40.99950596301246
40.99950596301246
40.99950596301246
40.99950596301246
40.99950596301246
40.99950596301246
40.99950596301246
40.99950596301246
40.99950596301246
40.99950596301246
40.99950596301246
40.99950596301246
40.99950596301246
40.99950596301246
40.99950596301246
40.99950596301246
40.99950596301246
40.99950596301246
40.99950596301246
40.99950596301246
40.99950596301246
40.99950596301246
40.99950596301246
40.99950596301246
40.99950596301246
40.99950596301246
40.99950596301246
40.99950596301246
40.99950596301246
40.99950596301246
40.99950596301246
40.99950596301246
40.99950596301246
40.99950596301246
40.99950596301246
40.99950596301246
40.99950596301246
40.99950596301246
40.99950596301246
40.99950596301246
40.99950596301246
40.99950596301246
40.99950596301246
40.99950596301246
40.99950596301246
40.99950596301246
40.99950596301246
40.99950596301246
40.99950596301246
40.99950596301246
40.99950596301246
40.99950596301246
40.99950596301246
40.99950596301246
40.99950596301246
40.99950596301246
40.99950596301246
40.99950596301246
40.99950596301246
40.99950596301246
40.99950596301246
40.99950596301246
40.99950596301246
40.99950596301246
40.99950596301246
40.99950596301246
40.99950596301246
40.99950596301246
40.99950596301246
40.99950596301246
40.99950596301246
40.99950596301246
40.99950596301246
40.99950596301246
40.99950596301246
40.99950596301246
40.99950596301246
40.99950596301246
40.99950596301246
40.99950596301246
40.99950596301246
-3.212580166592831
13.100619568187028
31.636253482176098
33.61196225221937
34.58917809536419
-21.154383832747854
30.165717927517548
30.99521132841739
-21.685295664954257
38.923716690332434
38.81042994096934
38.84043776556225
37.77620841434708
36.60870524133575
38.85226952927365
38.82055837365447
38.854989465565396
37.85385864321953
38.95540821805199
37.956671058420945
36.91961110752441
37.96040796720833
38.98131061238255
38.960203176594185
38.91341548327372
39.9555293653631
39.98272269083873
39.98231951315206
38.94788530014064
38.924898372958204
39.99203558795386
39.99174148430812
39.98446633217814
40.01367057048304
41.00877157211398
41.016573102968565
41.00626867076245
40.99230690898203
40.98153241783328
40.99691936580599
40.980971254004935
39.95312685356621
39.97056014243677
40.99847048184387
40.965583294263055
40.974050967068166
40.8914392316577
40.979278500204515
40.97726801649587
40.97385376559325
40.963550561800105
41.00472247528498
41.00878169962095
41.00748610302865
40.01086660864949
39.99055182577631
41.009177895904955
40.970353250830314
40.9971654021279
40.00588696376845
40.01455912670161
40.014740174508354
40.0189015180414
40.022882345773176
40.01427441575145
40.01143225586532
16.167805004408656
39.00967503477515
39.011779566905986
29.10237190089346
35.976173190014585
13.069819105964447
20.35959550746134
39.029757181975725
38.02228607938753
37.01321027927452
38.01050602239595
37.87627162553294
36.96823295772084
38.97618119040553
38.989848180061124
39.995147932735925
40.00033369682694
39.961111133525584
39.96010005174344
39.97705027185698
39.93528411111134
39.90871464554001
40.80233577961114
39.88713003858541
35.28657248140601
40.95419541871718
40.931009832709314
39.94496283010776
39.899051271168375
40.94953346924805
40.957483434955165
39.925863761128646
-1.980153081215005
-10.334912566512282
40.99750685271374
40.99750685271374
40.99750685271374
40.99750685271374
40.99750685271374
40.99750685271374
40.99750685271374
40.99750685271374
40.99750685271374
40.99750685271374
40.99750685271374
40.99750685271374
40.99750685271374
40.99750685271374
40.99750685271374
40.99750685271374
40.99750685271374
40.99750685271374
40.99750685271374
40.99750685271374
40.99750685271374
40.99750685271374
40.99750685271374
40.99750685271374
40.99750685271374
40.99750685271374
40.99750685271374
40.99750685271374
40.99750685271374
40.99750685271374
40.99750685271374
40.99750685271374
40.99750685271374
40.99750685271374
40.99750685271374
40.99750685271374
40.99750685271374
40.99750685271374
40.99750685271374
40.99750685271374
40.99750685271374
40.99750685271374
40.99750685271374
40.99750685271374
40.99750685271374
40.99750685271374
40.99750685271374
40.99750685271374
40.99750685271374
40.99750685271374
40.99750685271374
40.99750685271374
40.99750685271374
40.99750685271374
40.99750685271374
40.99750685271374
40.99750685271374
40.99750685271374
40.99750685271374
40.99750685271374
40.99750685271374
40.99750685271374
40.99750685271374
40.99750685271374
40.99750685271374
40.99750685271374
40.99750685271374
40.99750685271374
40.99750685271374
40.99750685271374
40.99750685271374
40.99750685271374
40.99750685271374
40.99750685271374
40.99750685271374
40.99750685271374
40.99750685271374
40.99750685271374
40.99750685271374
40.99750685271374
40.99750685271374
40.99750685271374
40.99750685271374
40.99750685271374
40.99750685271374
40.99750685271374
40.99750685271374
40.99750685271374
40.99750685271374
40.99750685271374
40.99750685271374
40.99750685271374
40.99750685271374
40.99750685271374
40.99750685271374
40.99750685271374
40.99750685271374
40.99750685271374
40.99750685271374
40.99750685271374
40.98011654879689
39.90280034586886
39.74524111685317
39.945489962970996
38.932183283381
39.97443589773862
39.96957283098993
40.981223298092814
40.977549261126946
40.985029894063146
40.98819134554988
40.992090548278924
40.990087295446905
40.97652821192318
40.96943676766072
40.96785603126925
40.9708209751698
40.96022117690546
40.90293986496722
40.954922014929316
40.41846709369456
40.852582904033035
40.927891140068155
40.86778230982662
40.92943473846118
40.81082530627247
39.822504307931936
40.906003441975535
40.925362962203565
40.92274574175401
39.84283737910579
39.47328117779668
38.68039750604694
39.91584605586743
39.948422770632064
38.54127828919365
36.33161307682479
38.87554017972217
39.90969225910101
40.771100910373995
40.97685675396555
40.2643905176436
39.94069862727184
38.92363393823154
39.96211738810304
39.97215699083616
39.97327667246511
38.94568162518361
38.93088605624966
40.9751532475157
40.98018328422636
40.98452824405262
40.99499196013597
39.969921895317526
40.99420621214282
40.99024119232699
40.99061130327229
39.97316150910689
36.80838197686483
38.97358595115636
39.98752676687478
38.83944958714859
38.97697624413222
38.98544909956022
39.98630711875973
39.991460346665164
39.99652466597401
39.98932823626549
39.25537154879781
39.970065121594786
40.8792075227685
40.90882565802549
40.895932371215025
39.78418026382987
39.74919656939426
40.946201341065716
40.94208186468958
39.86514502619538
39.86480887797053
39.86606240601332
30.27157265281137
39.94951646194193
40.94318338629357
40.9346274703774
40.96308374182887
40.957145022758766
40.947139116201974
39.863535771321494
38.86153014723574
37.91916361475098
39.920995548060624
39.924048986982186
39.82561836799291
39.90439734037506
39.929979350901846
36.92706368961042
32.391328587271104
39.97942232523755
36.9077869156014
41.01077590692839
41.01412140527472
41.01412140527472
41.01412140527472
41.01412140527472
41.01412140527472
41.01412140527472
41.01412140527472
41.01412140527472
41.01412140527472
41.01412140527472
41.01412140527472
41.01412140527472
41.01412140527472
41.01412140527472
41.01412140527472
41.01412140527472
41.01412140527472
41.01412140527472
41.01412140527472
41.01412140527472
41.01412140527472
41.01412140527472
41.01412140527472
41.01412140527472
41.01412140527472
41.01412140527472
41.01412140527472
41.01412140527472
41.01412140527472
41.01412140527472
41.01412140527472
41.01412140527472
41.01412140527472
41.01412140527472
41.01412140527472
41.01412140527472
41.01412140527472
41.01412140527472
41.01412140527472
41.01412140527472
41.01412140527472
41.01412140527472
41.01412140527472
41.01412140527472
41.01412140527472
41.01412140527472
41.01412140527472
41.01412140527472
41.01412140527472
41.01412140527472
41.01412140527472
41.01412140527472
41.01412140527472
41.01412140527472
41.01412140527472
41.01412140527472
41.01412140527472
41.01412140527472
41.01412140527472
41.01412140527472
41.01412140527472
41.01412140527472
41.01412140527472
41.01412140527472
41.01412140527472
41.01412140527472
41.01412140527472
41.01412140527472
41.01412140527472
41.01412140527472
41.01412140527472
41.01412140527472
41.01412140527472
41.01412140527472
41.01412140527472
41.01412140527472
41.01412140527472
41.01412140527472
41.01412140527472
41.01412140527472
41.01412140527472
41.01412140527472
41.01412140527472
41.01412140527472
41.01412140527472
41.01412140527472
41.01412140527472
41.01412140527472
41.01412140527472
41.01412140527472
41.01412140527472
41.01412140527472
41.01412140527472
41.01412140527472
41.01412140527472
41.01412140527472
41.01412140527472
41.01412140527472
41.01412140527472
41.01412140527472
40.01038078131934
41.01686599744891
40.00787370521241
40.001557934645874
40.01750925393592
40.03092780147948
40.02849923225847
40.015373171777114
39.99878365061393
39.98762836525816
40.003283945252704
39.97010160353782
39.98937980038259
40.00744064277618
39.995558014775625
39.97914585525788
35.9615840996386
34.97446758958146
36.966857289743245
35.957905837710065
39.980608097555304
40.96479684089866
36.60628671532727
40.55887214806289
38.95412726608934
38.971936269691874
35.97292691293437
38.94047580539469
39.91050778080983
35.96171649327825
37.967000737387266
37.97398042957203
35.89741620991332
39.957562123372675
40.96123349630332
40.94641132480147
39.93681763666421
38.87897243012237
39.91505913881343
40.97214488819237
40.97439613919357
40.935833044559494
39.95175203112839
39.935740470954926
39.89082019943148
39.8390626263952
39.815260914892264
39.841636754121346
39.96250585241839
39.90985533889912
39.90362613851465
39.920777586403695
39.95167007313653
39.897285534153596
39.92164440778775
39.92796074918026
38.90945738481172
37.92046624426548
38.94239094720108
38.89520553772529
38.92783278733975
38.94885457402335
38.91770741083815
38.89246893692139
38.752277043128174
38.97345986281581
39.96775313945436
39.96320616771698
38.967643853364706
33.988836543942114
41.00102797883659
40.987534425301526
41.00002806211382
40.00194148922439
40.003214006428024
40.99417088611233
30.85528968398578
41.006283199233586
39.98427618386091
37.985966959754066
36.41603383871225
30.876311732589727
37.928467094589806
31.468827140782423
36.941830829054716
37.92911367136211
36.93555230483642
37.96424936295217
40.00411229476942
39.99934770703803
37.97746586379235
38.97012991240408
39.97867518792183
39.98471510891977
38.946334421248324
38.90707879921974
38.877930940262154
38.91806837239971
39.89615295423717
40.928717130204475
40.96629113248201
40.96629113248201
40.96629113248201
40.96629113248201
40.96629113248201
40.96629113248201
40.96629113248201
40.96629113248201
40.96629113248201
40.96629113248201
40.96629113248201
40.96629113248201
40.96629113248201
40.96629113248201
40.96629113248201
40.96629113248201
40.96629113248201
40.96629113248201
40.96629113248201
40.96629113248201
40.96629113248201
40.96629113248201
40.96629113248201
40.96629113248201
40.96629113248201
40.96629113248201
40.96629113248201
40.96629113248201
40.96629113248201
40.96629113248201
40.96629113248201
40.96629113248201
40.96629113248201
40.96629113248201
40.96629113248201
40.96629113248201
40.96629113248201
40.96629113248201
40.96629113248201
40.96629113248201
40.96629113248201
40.96629113248201
40.96629113248201
40.96629113248201
40.96629113248201
40.96629113248201
40.96629113248201
40.96629113248201
40.96629113248201
40.96629113248201
40.96629113248201
40.96629113248201
40.96629113248201
40.96629113248201
40.96629113248201
40.96629113248201
40.96629113248201
40.96629113248201
40.96629113248201
40.96629113248201
40.96629113248201
40.96629113248201
40.96629113248201
40.96629113248201
40.96629113248201
40.96629113248201
40.96629113248201
-11.538058158214737
-7.728773030516176
-6.280931402707252
-2.1946470262368023
-1.2447091709922982
-30.16172240233942
-25.74909368707481
-0.6255556560984802
-0.4810353411020222
-3.5250321539719294
-63.48715946653132
-84.48394434366742
-96.13603909509314
-92.9201443422579
-58.66124149219984
-42.95215358816576
-34.729321780457944
-18.248087005516005
-1.6400158110898118
-67.29863799043925
-124.64991184133125
-112.17896561401349
-106.95294073691768
-88.96272899054166
-63.312014908449655
-37.32564653168183
-16.74054456406035
-39.56912209308429
-20.126249248605262
-42.53037758055681
-13.792477345443022
-9.921403400944115
-42.4722229000956
-70.10855432309386
-46.46414791282986
25.48666181751981
-2.7675584606730324
-63.527034809127414
-46.797010449363874
-24.47172906516076
-2.0098978028568006
-4.86891523652563
-4.894853514586035
-9.583981777110036
-5.7477862704211535
-56.09425388593994
-99.48764868361194
-105.11295344116188
-118.15077035448982
-118.51185156066178
-115.57715810761026
-73.97183558045467
-32.26390018971971
-0.8559756312275945
-9.532417243465103
-14.611050258593355
-28.286338157791636
-43.21525055964027
-48.61553125434389
-2.9931443615142004
-59.46895065939314
-66.7114482641914
-40.884201579501784
-40.847353729309084
-37.6877601351717
-24.379466688068682
-18.246165517842336
-0.4526517862660884
-1.44039277163063
-23.77829557276547
-33.04186186658746
-62.87800805662206
-70.40189970736503
-78.30920915998283
-41.76333240749622
-28.924518243844815
-35.46921906718646
-27.566525865339354
-9.715576769872117
-25.77226996572837
-11.020736703801065
-27.33581074438387
-48.55684285795931
-18.99741459007144
9.594886289133317
-0.9439443035437083
-0.6618776400407069
-10.055905554984676
-24.838479119111902
-30.359697056216355
-31.335472566926818
-36.68968155372287
-29.220696952961898
-12.886971058448792
-4.36016617186971
-8.06335748856121
25.283788858000598
-0.45309250213551927
-4.109969465518436
-46.315964442025425
-5.0900426789773965
-5.0900426789773965
-5.0900426789773965
-5.0900426789773965
-5.0900426789773965
-5.0900426789773965
-5.0900426789773965
-5.0900426789773965
-5.0900426789773965
-5.0900426789773965
-5.0900426789773965
-5.0900426789773965
-5.0900426789773965
-5.0900426789773965
-5.0900426789773965
-5.0900426789773965
-5.0900426789773965
-5.0900426789773965
-5.0900426789773965
-5.0900426789773965
-87.52187585926931
-40.37347612699959
-55.53139132956484
-21.656410598299985
-63.13098654324917
-101.96430412238621
-92.40653537026245
-113.7202905309038
-124.68981250081208
-119.06439932166865
-64.57950705944533
-40.501104901541126
-61.9909886339265
-78.05903321975188
-46.83786697709205
-65.54949949059906
-81.04456212661098
-64.44619510955003
-92.55552633592959
-105.93412906139618
-118.30315867158858
-123.50878999897944
-86.23964466714474
-89.47680627500658
-42.71806160774249
-56.76952036827407
-13.543450660359314
-27.952089529826537
-58.18409371837706
-6.97904609475449
-8.246360104007985
-13.620701791438393
-1.9304654805284045
-1.4426729165071643
-12.997180570520264
-16.396296070659222
-8.135271297623337
-33.2214718033322
-23.156472211363887
-17.23076586533363
-33.53409842253709
-76.29536611442533
-19.219086649394107
-47.85600118906252
-91.33723383048786
-75.81617621081004
-77.3362936046499
-111.78237840514154
-124.38931439826325
-104.5730409019168
-123.23583194160722
-87.95919533049256
-123.13168751791973
-119.46501977877955
-101.57077204271083
-116.98687635621702
-72.54470806283372
-106.9149193572171
-100.62831690702221
-55.652013717360056
-110.23794219420341
-65.03550945087304
-60.34912833242825
-56.32111919224456
-22.138591292663058
-10.502916330720819
-10.264268455695502
-26.62086475950653
-22.500092132533283
-51.20079770843212
-17.98246575805123
-11.833951973883451
-4.46868568357625
-5.293097848923854
-40.41215754254341
-2.1113290892919006
-16.79369706230022
-33.47828797913957
-37.559264293663375
-51.04315506732975
-45.578952118766836
-73.33161934652625
-68.79485982078909
-17.697059659776606
-26.749962962537992
-14.170114542152257
-6.634697720663762
-7.506545941310616
-11.099458499679395
-12.576647236504822
-28.30698246565461
-88.49368057002972
-110.96680921930101
-94.38610536473595
-79.5011725183944
-87.89757906876464
-30.437464016063032
-39.33147269110326
-32.65648215592917
-39.449824674673614
-5.0900426789773965
-5.0900426789773965
-5.0900426789773965
-5.0900426789773965
-5.0900426789773965
-5.0900426789773965
-5.0900426789773965
-5.0900426789773965
-5.0900426789773965
-5.0900426789773965
-5.0900426789773965
-5.0900426789773965
-5.0900426789773965
-5.0900426789773965
-5.0900426789773965
-5.0900426789773965
-5.0900426789773965
-5.0900426789773965
-5.0900426789773965
-5.0900426789773965
-36.92538676799669
-12.011176342769037
-4.228102218502057
-24.504691792657656
-29.9027859301423
-35.26047981811137
-70.92116809435873
-9.003377986741572
-1.2573582767549492
-16.36892483981314
-39.67542194204969
-19.84629622004613
-18.654482345737993
-1.536421521369427
-12.77651430044283
-15.180560098502593
-23.045623234307953
-5.0779609260557805
-4.652872744979302
-3.2765232461043072
-3.631641954284815
-5.029225869750716
-26.673676189212255
-8.98940059775587
-6.181353948514767
-7.957584032842371
-33.91657908734578
-7.536441522313919
-3.260924476361067
-29.64319508648425
-58.752908940586785
-41.37835830818691
-1.8835270287322317
-3.564050282926868
25.3329113422151
27.19022690964368
-1.8463087222066652
-0.511919439019885
30.763839590665714
24.27569803512372
-3.4840210708482404
25.47689564557431
28.60578321230593
-0.5249872817195604
-0.6695650772656494
-18.336400154493678
-4.405710658893372
-32.14112539855444
-29.520340729506508
-20.539058580400333
-46.42440565851254
-49.27256054284227
-36.78369237973916
-35.66843845054223
-47.491018180063605
-25.949137221122868
-9.992094904671891
-5.865130619092025
-1.1427901088840102
-5.464645083679403
-5.566794825704187
-8.282217676964075
-17.971148636867472
-12.83343332802118
-20.107422613570378
-18.70476178230534
-8.461517223657555
-8.374501786245643
-6.2700140594587435
-25.58206312572569
-38.859065117295636
-72.88714008846773
-94.73772409172287
-113.71772263743006
-134.20748214743526
-127.26079690308953
-128.64940710663132
-81.6913950942783
-74.03510650332045
-51.60491719367285
-14.634766493988192
-13.70077721650734
-58.762246955345326
-70.48330429502614
-77.30010632029784
-67.25171196496554
-49.27560308292275
-31.398587300334732
-12.643395533093228
-4.270273012081918
-64.29683989006566
-3.70985109819319
-43.981286036363684
-16.500064094534594
-25.61597092863965
-36.887516660544804
-61.99973522522562
-20.62941259571231
-49.54936656872177
-75.78394404109811
-5.0900426789773965
-5.0900426789773965
-5.0900426789773965
-5.0900426789773965
-5.0900426789773965
-5.0900426789773965
-5.0900426789773965
-5.0900426789773965
-5.0900426789773965
-5.0900426789773965
-5.0900426789773965
-5.0900426789773965
-5.0900426789773965
-5.0900426789773965
-5.0900426789773965
-5.0900426789773965
-5.0900426789773965
-5.0900426789773965
-5.0900426789773965
-5.0900426789773965
-39.01212842766807
-3.2437370489399946
-44.78595959379306
-2.1718525711391523
-1.6154852103449664
-18.742501827303744
-13.014216242906526
-53.608042985681294
-30.99895036409089
-10.124549966350967
-78.85941411633605
-66.98001631638495
-55.07326565826622
-61.882199126931816
-17.714386517678143
-23.072035989328693
-28.314999559771934
-15.628735633117703
-12.26675478792271
-1.1712857641043664
-1.5158068212784161
-0.5265628489152934
37.92904495416422
-4.271352901445695
-0.33570307532036625
-0.24649156446012532
-0.5679628462460267
-4.566967238796159
-27.333770268776597
37.9866834230679
34.91344730734168
33.93487890618789
-0.5163500067702351
38.917328105154354
38.951018323498495
-30.05064338684298
-24.78834085171301
-26.8172592674557
-35.05486569475639
-5.227516246255029
-4.618024235397477
-0.43934668951988615
-1.4122941432545564
-3.686031201883868
-1.9217314431147374
-0.9769895225847254
-1.7430603492025285
-1.4598391438680605
37.554831585947674
38.9293461476479
38.9072776763967
37.87663742915982
37.83317010124108
38.93508515602147
38.94153168525435
38.91900674707994
38.92532604352654
36.86871589906236
34.66354885830719
35.85890094975599
37.91959324038306
37.883239316589474
38.9237695243885
38.90158160186207
38.90092931006669
37.833449328296695
37.841865132425916
37.82059289431146
20.526074307444354
11.866803554310737
38.65656465641487
38.87400859737876
37.77237429436789
38.86404326141871
23.04972416723658
37.8624134088683
37.88135879205072
-0.35817781996883885
37.83734217841242
38.89434110141344
37.87100296068212
-0.28140537588960834
-0.9594090912471688
-13.669938959506336
-38.66860697408981
6.667214550834658
-8.167844736349402
-21.066883600295107
-13.422995373141564
-49.05526858637932
-18.413611062485824
36.85863705708178
36.87901239727734
36.90625739419846
-0.7115846699084013
-0.421619894833867
34.02707127027643
37.14225724733571
39.33772035243764
39.99099253905381
37.84637945877943
37.84637945877943
37.84637945877943
37.84637945877943
37.84637945877943
37.84637945877943
37.84637945877943
37.84637945877943
37.84637945877943
37.84637945877943
37.84637945877943
37.84637945877943
37.84637945877943
37.84637945877943
37.84637945877943
37.84637945877943
37.84637945877943
37.84637945877943
37.84637945877943
37.84637945877943
37.84637945877943
37.84637945877943
37.84637945877943
37.84637945877943
37.84637945877943
37.84637945877943
37.84637945877943
37.84637945877943
37.84637945877943
37.84637945877943
37.84637945877943
37.84637945877943
37.84637945877943
37.84637945877943
37.84637945877943
37.84637945877943
37.84637945877943
37.84637945877943
37.84637945877943
37.84637945877943
37.84637945877943
37.84637945877943
37.84637945877943
37.84637945877943
37.84637945877943
37.84637945877943
37.84637945877943
37.84637945877943
37.84637945877943
37.84637945877943
37.84637945877943
37.84637945877943
37.84637945877943
37.84637945877943
37.84637945877943
37.84637945877943
37.84637945877943
37.84637945877943
37.84637945877943
37.84637945877943
37.84637945877943
37.84637945877943
37.84637945877943
37.84637945877943
37.84637945877943
37.84637945877943
37.84637945877943
37.84637945877943
37.84637945877943
37.84637945877943
37.84637945877943
37.84637945877943
37.84637945877943
37.84637945877943
37.84637945877943
37.84637945877943
37.84637945877943
37.84637945877943
37.84637945877943
37.84637945877943
37.84637945877943
37.84637945877943
37.84637945877943
37.84637945877943
37.84637945877943
37.84637945877943
37.84637945877943
37.84637945877943
37.84637945877943
37.84637945877943
37.84637945877943
37.84637945877943
37.84637945877943
37.84637945877943
37.84637945877943
37.84637945877943
37.84637945877943
37.84637945877943
37.84637945877943
37.84637945877943
39.9611255069379
39.96522210042706
39.95205918997773
38.93573317427899
39.957095167626356
39.975336995873846
39.92886001308313
22.64611759014777
39.92732817627353
39.94373562805043
39.94095251211467
16.2233615630087
40.9645864030776
39.9310974863688
39.928408336321354
39.98360054826552
39.84579655191487
39.974985249790286
39.977664238438344
31.675317424919044
38.3723044177506
-1.8012331299188151
-13.430987628114275
26.384209579264688
23.072351106371006
-27.734108541926567
25.522512517659834
25.701969086019773
28.902853733248172
22.661620949027125
26.867086448142622
-50.780169992216194
-1.6197603343215106
-15.62028244114268
30.947073588532298
28.85253629566808
23.514461396403814
7.512147422372866
31.015951211810496
39.270502386463576
37.001916140591916
36.207769025660994
32.003327670559244
32.988426714722685
33.99710636820243
-1.0683303084098492
-12.740334657604578
-57.239552988314315
22.864608464870205
-40.010900958030994
-26.481246841875546
-1.0248338578020928
-28.358774018580814
-0.5152813338202492
31.978064507295244
29.97050621043963
21.83782373143869
-2.0508188369355556
26.853474207778106
-4.781357897413697
-13.019144805553061
27.39441942713013
30.654392158428244
-30.95523543867751
33.00181975754843
29.96459818257562
36.00306973968581
38.41078913568316
32.97690600902356
13.753085341121
29.95355926638222
31.996516544175087
36.01632159109153
37.002408583585535
39.412754930995035
40.004535770825875
40.61537719330826
39.40144024791964
37.00143800597395
36.006193862897206
32.978473139967015
38.384598359007704
40.0070084022602
39.9957025354696
39.98681312848152
39.99381353460537
39.99433345840815
38.99521420033733
37.95129113951989
37.15607768871258
34.98055788990581
33.9134837131371
39.99885257304712
39.40835564041111
38.42154796389696
37.6100096389623
34.978580053441334
-74.94594849561513
40.99509121736211
40.979206448953185
40.98303882757061
40.98303882757061
40.98303882757061
40.98303882757061
40.98303882757061
40.98303882757061
40.98303882757061
40.98303882757061
40.98303882757061
40.98303882757061
40.98303882757061
40.98303882757061
40.98303882757061
40.98303882757061
40.98303882757061
40.98303882757061
40.98303882757061
40.98303882757061
40.98303882757061
40.98303882757061
40.98303882757061
40.98303882757061
40.98303882757061
40.98303882757061
40.98303882757061
40.98303882757061
40.98303882757061
40.98303882757061
40.98303882757061
40.98303882757061
40.98303882757061
40.98303882757061
40.98303882757061
40.98303882757061
40.98303882757061
40.98303882757061
40.98303882757061
40.98303882757061
40.98303882757061
40.98303882757061
40.98303882757061
40.98303882757061
40.98303882757061
40.98303882757061
40.98303882757061
40.98303882757061
40.98303882757061
40.98303882757061
40.98303882757061
40.98303882757061
40.98303882757061
40.98303882757061
40.98303882757061
40.98303882757061
40.98303882757061
40.98303882757061
40.98303882757061
40.98303882757061
40.98303882757061
40.98303882757061
40.98303882757061
40.98303882757061
40.98303882757061
40.98303882757061
40.98303882757061
40.98303882757061
40.98303882757061
40.98303882757061
40.98303882757061
40.98303882757061
40.98303882757061
40.98303882757061
40.98303882757061
40.98303882757061
40.98303882757061
40.98303882757061
40.98303882757061
40.98303882757061
40.98303882757061
40.98303882757061
40.98303882757061
40.98303882757061
40.98303882757061
40.98303882757061
40.98303882757061
40.98303882757061
40.98303882757061
40.98303882757061
40.98303882757061
40.98303882757061
40.98303882757061
40.98303882757061
40.98303882757061
40.98303882757061
40.98303882757061
40.98303882757061
40.98303882757061
40.98303882757061
40.98303882757061
40.98303882757061
39.94163987446808
39.94610443157042
39.979822384387255
39.98590454376092
39.99385970738108
39.840629131714465
38.95967906444741
39.85233340879368
40.022585823812996
40.01044962703775
39.997950903492885
39.952593539050355
-35.196598344991024
-0.3832889890086779
-24.570919350494744
-46.816958537019005
-9.718244173891657
-34.071260502854955
39.98559210663045
39.97701421343371
40.96690997433994
39.91068110203512
39.93677587908732
-11.883782777240624
39.89341557973669
39.903620663514594
38.83067945013879
-14.3036602584084
-0.4901266885111241
39.96277797455305
37.85576245394206
37.84991804603837
38.951357751649084
37.90554695532303
38.96990203725102
39.98317110707463
1.1982927754870738
35.977674477156754
36.97702523913277
-0.9847432400563136
39.96486400835981
39.76570665458514
40.02638642426518
38.973379364599595
40.00822059916814
35.91963250720198
40.00858210109412
39.9846593854825
41.01713597919445
41.01161094151232
39.99702083471874
39.934313770797814
35.993926868681704
0.4839190118771316
40.006852991155235
38.99337329786361
38.174955200963886
40.99771020929707
40.979899283160634
41.00101158135273
40.99598070132602
38.97369168870081
34.59431473292037
37.924581992352635
36.83653594619848
35.83139158297083
38.96713229547341
37.96022164105467
39.99543168830929
-40.47641417398653
37.97219586763443
35.96413616492994
37.951987665331295
-29.433918258632286
-2.3152127072417183
-4.892243317389349
35.71971908262054
34.893013506977326
34.60687744649213
-30.097213571359028
-40.174703487502335
-21.17965863143928
-54.788395849514856
-43.843390800158396
-16.521344132160763
6.034647457215386
-15.879430771756573
38.967844107684904
41.01150455523193
41.00341098186563
41.009610180399456
41.01560991325316
41.02307082690115
41.02178839282106
41.02007225991079
41.02634060771838
41.034652487755906
41.023957993063746
41.01513645506815
40.02396457637269
38.00467203723402
38.00467203723402
38.00467203723402
38.00467203723402
38.00467203723402
38.00467203723402
38.00467203723402
38.00467203723402
38.00467203723402
38.00467203723402
38.00467203723402
38.00467203723402
38.00467203723402
38.00467203723402
38.00467203723402
38.00467203723402
38.00467203723402
38.00467203723402
38.00467203723402
38.00467203723402
38.00467203723402
38.00467203723402
38.00467203723402
38.00467203723402
38.00467203723402
38.00467203723402
38.00467203723402
38.00467203723402
38.00467203723402
38.00467203723402
38.00467203723402
38.00467203723402
38.00467203723402
38.00467203723402
38.00467203723402
38.00467203723402
38.00467203723402
38.00467203723402
38.00467203723402
38.00467203723402
38.00467203723402
38.00467203723402
38.00467203723402
38.00467203723402
38.00467203723402
38.00467203723402
38.00467203723402
38.00467203723402
38.00467203723402
38.00467203723402
38.00467203723402
38.00467203723402
38.00467203723402
38.00467203723402
38.00467203723402
38.00467203723402
38.00467203723402
38.00467203723402
38.00467203723402
38.00467203723402
38.00467203723402
38.00467203723402
38.00467203723402
38.00467203723402
38.00467203723402
38.00467203723402
38.00467203723402
38.00467203723402
38.00467203723402
38.00467203723402
38.00467203723402
38.00467203723402
38.00467203723402
38.00467203723402
38.00467203723402
38.00467203723402
38.00467203723402
38.00467203723402
38.00467203723402
38.00467203723402
38.00467203723402
38.00467203723402
38.00467203723402
38.00467203723402
38.00467203723402
38.00467203723402
38.00467203723402
38.00467203723402
38.00467203723402
38.00467203723402
38.00467203723402
38.00467203723402
38.00467203723402
38.00467203723402
38.00467203723402
38.00467203723402
38.00467203723402
38.00467203723402
38.00467203723402
38.00467203723402
39.97289951881319
40.99465953548439
36.97829490368096
40.02594981845031
41.03066558387974
41.01991215520194
41.00658696835772
40.0240091000175
40.04086094818453
41.03096586736985
40.030986159403994
41.0134201641925
41.01649996500726
40.018103486770016
41.00016537240045
32.60458907905893
40.997210567486015
35.72345919933876
33.99870226504584
34.98359182419282
33.95637365943459
37.00633732696362
39.42200731760793
40.01028158671833
40.017157905910665
40.01157251217689
41.004182840373474
39.60977127274561
38.986045143802436
40.00959422569125
39.014164896320985
40.98861039540844
-0.09278446962123076
41.0087638129561
36.19759171201327
-0.6892489649697882
39.819834880137485
41.013130687281816
41.0162151726315
40.5914653807594
38.38813254996167
40.59238224756583
40.606969319122676
38.3794175895329
34.584625742931955
33.91358819268441
29.09176420176302
-13.785985680375989
33.914503332446934
34.5963994681842
33.37346072285251
35.981577565007676
39.40086298894873
39.40157988916063
39.58867865227676
37.20477151908607
37.01561053322498
40.01732955872656
41.0131789145679
41.0116241383112
41.005764125927826
39.999147131885614
36.01664424767246
36.973426606047646
37.98030414229465
38.211994078393474
35.997127630749254
33.94671241581807
34.944099729433894
34.944816483707456
31.830165024847897
33.93690349837268
33.9554544129617
33.960412391914666
32.77226961708721
-65.47328262967855
32.72187623934673
35.8390066632191
37.959823226092176
38.00023097485499
39.00545964234703
38.873239908738284
39.00657086487982
36.01421255640859
38.02432493632652
40.030150336738714
40.02224457212943
39.95797544393927
35.91497532192474
33.84973011239403
36.91350196396108
36.94999070778266
37.960129460925316
37.97594522101834
37.95879985190525
37.95391064511172
36.93752132370699
18.068553526341933
4.8498749081012535
-34.71264466371814
41.0205182170959
41.0205182170959
41.0205182170959
41.0205182170959
41.0205182170959
41.0205182170959
41.0205182170959
41.0205182170959
41.0205182170959
41.0205182170959
41.0205182170959
41.0205182170959
41.0205182170959
41.0205182170959
41.0205182170959
41.0205182170959
41.0205182170959
41.0205182170959
41.0205182170959
41.0205182170959
41.0205182170959
41.0205182170959
41.0205182170959
41.0205182170959
41.0205182170959
41.0205182170959
41.0205182170959
41.0205182170959
41.0205182170959
41.0205182170959
41.0205182170959
41.0205182170959
41.0205182170959
41.0205182170959
41.0205182170959
41.0205182170959
41.0205182170959
41.0205182170959
41.0205182170959
41.0205182170959
41.0205182170959
41.0205182170959
41.0205182170959
41.0205182170959
41.0205182170959
41.0205182170959
41.0205182170959
41.0205182170959
41.0205182170959
41.0205182170959
41.0205182170959
41.0205182170959
41.0205182170959
41.0205182170959
41.0205182170959
41.0205182170959
41.0205182170959
41.0205182170959
41.0205182170959
41.0205182170959
41.0205182170959
41.0205182170959
41.0205182170959
41.0205182170959
41.0205182170959
41.0205182170959
41.0205182170959
41.0205182170959
41.0205182170959
41.0205182170959
41.0205182170959
41.0205182170959
41.0205182170959
