-11.443042000237151
-7.769983129123108
-6.195734897837344
-2.1820384389639123
-1.2593975539622497
-29.68366455679093
-25.289702069116885
-0.6338066405588751
-0.565338998139012
-3.1496810354107376
-63.34594680812413
-84.4816587034329
-96.12598793600145
-92.77139271724857
-58.675680787428
-42.93695948570698
-34.654636368932096
-18.156794817084034
-1.685158176600344
-67.20323773477983
-124.4208265358654
-112.08665495248782
-106.85241786762116
-88.90144570417151
-63.208051931560824
-37.1686111332932
-16.422703525600323
-39.23856646152842
-19.839796466471473
-41.9058118219704
-13.573199033536365
-9.734022872700518
-42.041673890121174
-69.30362346678471
-46.28241014972603
-0.6632449956989653
-2.5470039567759106
-63.27854052458792
-46.547825782402036
-24.31240186967213
-1.9734433640957074
-4.759247533301108
-4.718598903773566
-9.387963283653384
-5.298890741793659
-55.30724972613264
-98.55937612036318
-104.1728118883251
-116.91275607290015
-117.30470674339841
-114.47784599429833
-73.50154974405018
-32.2493678450282
-0.8984300695615333
-9.56073400177661
-14.554639068506232
-27.950991766364858
-42.89767216135838
-48.30076060547169
-2.9970695173785056
-58.760705159311854
-66.04683205576073
-40.296589817653214
-40.43300226751614
-37.089468696959806
-24.104401062299427
-18.100547489035037
-0.501723090782779
-0.9163198202355053
-23.101841435344877
-32.46202354881104
-62.318004756861214
-69.89306013217369
-77.74809981594677
-41.60059119047289
-28.37885360795113
-34.97430931371289
-27.00717505002757
-9.213492474763235
-24.957841103156454
-10.497401669367505
-27.26061740018673
-48.29977019562224
-18.83368658975973
-0.5612960213040596
-1.0613077361683965
-0.7529100340809919
-9.771864126800743
-24.384833241285182
-29.737681776491034
-30.84607425313741
-36.20411718459836
-28.756414191898436
-12.83892373630252
-4.420001588065689
-8.11298311613833
-0.2810037008427729
-0.5566479105820454
-4.008184843723459
-45.53319659701231
-5.102160307424738
-5.102160307424738
-5.102160307424738
-5.102160307424738
-5.102160307424738
-5.102160307424738
-5.102160307424738
-5.102160307424738
-5.102160307424738
-5.102160307424738
-5.102160307424738
-5.102160307424738
-5.102160307424738
-5.102160307424738
-5.102160307424738
-5.102160307424738
-5.102160307424738
-5.102160307424738
-5.102160307424738
-5.102160307424738
-86.71523361919857
-39.93320175538978
-54.911654446040615
-20.885926478203807
-62.48723081308574
-101.24853393037242
-91.47631121589805
-112.89113685488259
-124.06397439268672
-118.36375153232552
-63.98210766464249
-39.67396253370842
-61.52435620415497
-77.59824210896136
-46.24409972303692
-64.95470525024942
-80.77875935972634
-64.27706061978705
-92.37667261521783
-105.71035263710395
-118.17895841484373
-123.41200618728807
-86.0768456440435
-89.22495095662123
-42.446923745372274
-56.62800004296693
-13.412089932608955
-27.84816643376653
-58.12641666866708
-6.695684092353426
-7.901922069455542
-13.411717337367701
-1.8241519499342767
-1.1919629455821077
-12.576443188027103
-15.841180688150336
-7.63798766843099
-33.01253885036704
-22.638214575784307
-16.67873387900434
-32.84769991007255
-75.43297319915185
-18.730705193539418
-46.79792987756865
-90.0978263150887
-74.77830820596036
-76.28973518673935
-110.54094799423048
-123.22529504166056
-103.39324433446137
-122.0401042826459
-86.76282257720544
-122.01831111034257
-118.57503028617892
-100.51302161526199
-116.0266703636711
-71.6444387424795
-105.88615933809216
-99.48118486445436
-54.68640852040073
-109.0046488854119
-63.947380300650494
-59.35200211697809
-55.59622098561419
-21.595633559428904
-10.038451161110874
-9.759027393311339
-25.875209415897988
-21.833054618275177
-50.751494192789174
-17.406072150771504
-11.337472545973915
-4.125226854278936
-4.899254808172913
-40.27093206939586
-1.9833646307597617
-16.573223620035723
-32.86975965426189
-36.669468565210565
-50.35396587715736
-44.858388984462216
-72.446854015197
-67.92009971984662
-17.2313813419084
-26.162700619774885
-13.876337036552783
-6.171209207074641
-6.858112802999394
-10.335574203188092
-11.882714085721798
-27.50690948940603
-87.78438512299785
-110.42232370234223
-93.87724968156232
-79.0244948892586
-87.4680271256193
-29.98194794775089
-38.79557090975861
-32.022025991378335
-38.77106322308817
-5.102160307424738
-5.102160307424738
-5.102160307424738
-5.102160307424738
-5.102160307424738
-5.102160307424738
-5.102160307424738
-5.102160307424738
-5.102160307424738
-5.102160307424738
-5.102160307424738
-5.102160307424738
-5.102160307424738
-5.102160307424738
-5.102160307424738
-5.102160307424738
-5.102160307424738
-5.102160307424738
-5.102160307424738
-5.102160307424738
-36.39890383356142
-11.560880805536444
-3.7776894266314915
-23.8344729421887
-29.31332697809222
-35.202448224494404
-70.78000709217596
-8.971467679575364
-1.2312148263204616
-16.096812529380028
-39.423645198003776
-19.627839738125488
-18.46322700040155
-1.4476817211004254
-12.837394235741513
-15.246848156406314
-22.947717228343976
-5.0969728665784855
-4.649672771252652
-3.247427555295221
-3.4814990342497207
-4.843700437146925
-26.620914085503546
-8.8162201825613
-6.045027091958464
-7.432845357518017
-33.16167319564119
-6.864781349481295
-2.7002838355971615
-29.084886743651364
-58.582519124877344
-41.25087250646253
-1.9718673052416
-3.5640208555234767
-0.8195747848839068
-0.9651700726203372
-1.9091776078343468
-0.6451836182813226
-0.39126533631703625
-0.8975515037922371
-3.588274778053924
-0.6777545106060971
-0.5472257250479701
-0.6443397750120338
-0.7123101766028546
-18.092225860982886
-4.22414034578306
-31.64927487654702
-28.912838225633735
-19.88057131422466
-45.754836631033996
-48.55641687543581
-36.07264452819457
-34.8697442070464
-46.60487384964801
-25.280485383693375
-9.59814349967798
-5.769708942302207
-1.114411682934765
-5.25938981692133
-5.2993822989988475
-8.000066504584934
-17.20679776630071
-12.091849650227193
-19.338727101279478
-18.03895417206205
-7.857901034607209
-7.721583284263955
-5.536042171221073
-24.7987951539905
-37.93289001079634
-72.15640747517445
-94.11401757511362
-113.04675515289864
-133.59942600446553
-126.264457612921
-127.73263797929552
-80.64895902435576
-72.9693154019553
-50.62506003495905
-14.032013136880304
-13.265867198853138
-58.73344507026865
-70.40400975330454
-77.20348360611533
-67.18695480941048
-49.2460315374092
-31.26741046633844
-12.619523202308573
-3.8338028873400085
-63.72746027529554
-3.713454612128912
-43.55116049657402
-15.838374607555025
-24.91082265269721
-36.415259799623435
-61.26803490235742
-20.29720736070088
-49.073719867819634
-75.34323305138012
-5.102160307424738
-5.102160307424738
-5.102160307424738
-5.102160307424738
-5.102160307424738
-5.102160307424738
-5.102160307424738
-5.102160307424738
-5.102160307424738
-5.102160307424738
-5.102160307424738
-5.102160307424738
-5.102160307424738
-5.102160307424738
-5.102160307424738
-5.102160307424738
-5.102160307424738
-5.102160307424738
-5.102160307424738
-5.102160307424738
-38.805674516332076
-3.027825644534189
-44.39271466483587
-2.190438704100937
-1.5994013069039714
-18.572105667056647
-12.699304430398715
-51.06172795448413
-28.874856218975715
-11.152624876759162
-94.1801728377222
-34.67797783589776
-28.67196869832284
-42.81599076336259
-2.7574068442796786
-34.23846129737763
-13.766739447840294
-9.895454519980763
-33.53435391108369
-17.07609183192875
-26.360870676531306
-9.576183559754162
-13.521290628318928
-6.768593441617475
-0.6047746443735437
-0.8931011359235187
-0.9088653932163109
-1.231312310487791
-0.5063477104658258
-0.3088402817555449
-11.523780322863406
-1.4038826734121497
-1.1086832008112697
-8.777949464129902
-18.252640593421972
-9.516411561156959
-30.389624349622352
-56.47423691572528
-24.056900615465562
-8.213979961203469
-8.559564042228859
-9.463871419222583
-27.10722702400567
-4.71065661714907
-3.5504706383820714
-15.200755705414828
-22.471043518816096
-31.085713923318167
-62.44687104885166
-2.1357606114047463
-19.489825205731687
-0.6163700381953652
-7.681698531008613
-8.635627811135441
-26.124631447756798
-85.3376786190784
-7.598428554100363
-0.313412544267036
-0.3022903276740134
-0.2326450877408875
-8.487457088281506
-0.8421989164016921
-0.1959409298902454
-2.555610922453687
-0.7932095407979911
-0.3947967729116384
-0.7320186961406897
-0.19379813178323094
-0.16813043624874272
-0.1664903254728086
-0.16447760463398858
-0.8301345584725929
-0.2524818111466063
-0.1698300805830256
-0.15907223806552864
-0.5765553924064017
-1.1846948339367147
-7.421610905780835
-4.046477138862417
-1.6140486525530187
-2.694829407528884
-2.6182997346265333
-4.228878379512622
-46.645911088231635
-13.506073018460276
-4.588331250676175
-4.690853431558459
-38.5145346596908
-0.5137978183171406
-0.34444496421059834
-0.3162033984113236
-0.38520861831150355
-0.4049053387624159
-0.40780967509786953
-0.3755146746283901
-12.857246649197354
-34.3842182849352
-12.548865543101382
-5.92758499328661
-3.05171230885751
-21.72283999306027
-21.72283999306027
-21.72283999306027
-21.72283999306027
-21.72283999306027
-21.72283999306027
-21.72283999306027
-21.72283999306027
-21.72283999306027
-21.72283999306027
-21.72283999306027
-21.72283999306027
-21.72283999306027
-21.72283999306027
-21.72283999306027
-21.72283999306027
-21.72283999306027
-21.72283999306027
-21.72283999306027
-21.72283999306027
-6.088564743703077
-1.6933833780711902
-0.2693224163193079
-2.9574454868734583
-1.4377647801867994
-0.2091919205386436
-0.2467019925508428
-0.24616516126453622
-0.20331721876058645
-4.275689248033888
-2.0575617842911327
-3.2805149450029933
-52.036130323516055
-2.053491636525538
-0.36750328394816695
-23.387457986376475
-0.1704694148499439
-0.33501044801675317
-0.16786607160444675
-0.14973000791590688
-0.149739629205493
-0.1556258899594417
-0.1548334883955026
-0.6110560953629439
-1.3613593830306399
-0.15837892574185722
-0.1531762752115507
-0.18800515374312227
-0.15210558595140294
-0.15199166823511273
-0.15430066707206883
-0.1562367919465248
-0.15342217693197252
-0.4157969526193181
-0.14877014402393957
-0.1546283183454
-0.15227455356559785
-0.16913680619370938
-0.19696386019510426
-0.1809070253072202
-0.22691751834809218
-0.26762562487871655
-0.2466558150646897
-0.2959106271247861
-0.16997228678871934
-0.17290555370794833
-0.23313804209440675
-0.29184082439989484
-0.18683186730290213
-0.19546294630573133
-0.19722514170471736
-0.18917103947977007
-30.937009848300065
-0.2601624747987421
-0.22637465493333017
-0.19040411428380738
-0.175123134517603
-0.6187458902799918
-0.19762424294736636
-0.3429372899582361
-0.5274798868326402
-0.3236898764804484
-0.1853937517104947
-0.17717478496048408
-0.221486994146991
-2.294728285510621
-1.8620531044697906
-6.876730428929981
-4.172369422865627
-3.4079460374919353
-10.732363162928909
-24.841556072773383
-4.632250645649313
-18.460054534936912
-75.1872448334884
-10.149275117087996
-4.9929621625769185
-3.4736603588152817
-12.176472685583521
-65.54676552746639
-57.20745892845015
-22.67007636253742
-67.88122991062477
-14.581073106759765
-13.48981041833278
-6.372885977442188
-3.805002060577142
-12.375059021803748
-2.450566605535156
-9.88760494630498
-34.71231573681796
-66.07717447921745
-0.8791903552911191
-23.70349970761306
-0.23311920266660965
-1.009116456223406
-0.17582399630731646
-0.1817356748536733
-0.1808324768715208
-0.17946952340765995
-0.2164603671634043
-0.2164603671634043
-0.2164603671634043
-0.2164603671634043
-0.2164603671634043
-0.2164603671634043
-0.2164603671634043
-0.2164603671634043
-0.2164603671634043
-0.2164603671634043
-0.2164603671634043
-0.2164603671634043
-0.2164603671634043
-0.2164603671634043
-0.2164603671634043
-0.2164603671634043
-0.2164603671634043
-0.2164603671634043
-0.2164603671634043
-0.2164603671634043
-0.2164603671634043
-0.2164603671634043
-0.2164603671634043
-0.2164603671634043
-0.2164603671634043
-0.2164603671634043
-0.2164603671634043
-0.2164603671634043
-0.2164603671634043
-0.2164603671634043
-0.2164603671634043
-0.2164603671634043
-0.2164603671634043
-0.2164603671634043
-0.2164603671634043
-0.2164603671634043
-0.2164603671634043
-0.2164603671634043
-0.2164603671634043
-0.2164603671634043
-0.2164603671634043
-0.2164603671634043
-0.2164603671634043
-0.2164603671634043
-0.2164603671634043
-0.2164603671634043
-0.2164603671634043
-0.2164603671634043
-0.2164603671634043
-0.2164603671634043
-0.2164603671634043
-0.2164603671634043
-0.2164603671634043
-0.2164603671634043
-0.2164603671634043
-0.2164603671634043
-0.2164603671634043
-0.2164603671634043
-0.2164603671634043
-0.2164603671634043
-0.2164603671634043
-0.2164603671634043
-0.2164603671634043
-0.2164603671634043
-0.2164603671634043
-0.2164603671634043
-0.2164603671634043
-0.2164603671634043
-0.2164603671634043
-0.2164603671634043
-0.2164603671634043
-0.2164603671634043
-0.2164603671634043
-0.2164603671634043
-0.2164603671634043
-0.2164603671634043
-0.2164603671634043
-0.2164603671634043
-0.2164603671634043
-0.2164603671634043
-0.2164603671634043
-0.2164603671634043
-0.2164603671634043
-0.2164603671634043
-0.2164603671634043
-0.2164603671634043
-0.2164603671634043
-0.2164603671634043
-0.2164603671634043
-0.2164603671634043
-0.2164603671634043
-0.2164603671634043
-0.2164603671634043
-0.2164603671634043
-0.2164603671634043
-0.2164603671634043
-0.2164603671634043
-0.2164603671634043
-0.2164603671634043
-0.2164603671634043
-0.17241737041967867
-0.18240274448121918
-1.5476420078183661
-0.16830632129017473
-0.17173892178247782
-0.17902313433482253
-0.17602111556616185
-0.1702646494419107
-0.20718730894823936
-0.1670320321466649
-0.15683492392723072
-0.1553283698902712
-0.17977912764651394
-0.1676227988491475
-0.16197188756814385
-0.1735315358046333
-0.18698305961013087
-0.17098963195612543
-0.1661562140434078
-0.16303070320241936
-0.1712664023360458
-0.18719712900539354
-0.17431908443394684
-0.17294796356960027
-0.1637094557053196
-0.3041240379629656
-0.16021260176514873
-0.17015711739906808
-0.16664548955735017
-0.18218974762114026
-0.1740828749771299
-0.29981267638915576
-0.18121510027257426
-0.200535779648955
-0.21620528413532522
-0.3127638106044512
-0.39137339863711934
-0.7235991237795184
-13.906666610947614
-0.32179343755931705
-0.4488705360780789
-2.081343927068206
-0.4664822110758833
-0.17862946265423002
-0.17899967768458194
-0.172706554295887
-0.1664106477127975
-1.2560382053891594
-0.1902199388369085
-0.2160484641164633
-0.186979383804638
-0.40636671560648085
-2.5455439921341076
-1.544146971947241
-1.6625046513524866
-0.2375267912642137
-0.2120372595837262
-0.2374969588750817
-0.21993038425878592
-0.23928954774478264
-0.23860474385998032
-0.18629644557741154
-0.19195638192497108
-0.19433131559876257
-0.19735600690348307
-0.6465952494703349
-0.5877886069572841
-0.19762303002314419
-0.2109048435620694
-0.9044936771629611
-0.17757192641464756
-0.1603881808556621
-0.1689087267782693
-0.5443555280765887
-0.6928342087844236
-0.6138245089814469
-0.17842082498377154
-0.22057445175974505
-0.2934680748094918
-0.16212462776461373
-0.32119767132614246
-0.199385276604589
-0.1710709867986059
-0.17650390476733327
-0.9513854774253527
-0.2457017984829073
-0.21821806039621977
-0.3583603660386614
-0.16506097930748803
-0.20263173810718527
-0.1604948559783631
-0.1611079345565433
-0.1745112699619513
-0.1717535094523261
-0.17112522404237235
-0.17412863502219222
-0.162825062874181
-0.15663089453323198
-0.15325946729200632
-0.19696598018328879
-0.17329765011863468
-0.17329765011863468
-0.17329765011863468
-0.17329765011863468
-0.17329765011863468
-0.17329765011863468
-0.17329765011863468
-0.17329765011863468
-0.17329765011863468
-0.17329765011863468
-0.17329765011863468
-0.17329765011863468
-0.17329765011863468
-0.17329765011863468
-0.17329765011863468
-0.17329765011863468
-0.17329765011863468
-0.17329765011863468
-0.17329765011863468
-0.17329765011863468
-0.17329765011863468
-0.17329765011863468
-0.17329765011863468
-0.17329765011863468
-0.17329765011863468
-0.17329765011863468
-0.17329765011863468
-0.17329765011863468
-0.17329765011863468
-0.17329765011863468
-0.17329765011863468
-0.17329765011863468
-0.17329765011863468
-0.17329765011863468
-0.17329765011863468
-0.17329765011863468
-0.17329765011863468
-0.17329765011863468
-0.17329765011863468
-0.17329765011863468
-0.17329765011863468
-0.17329765011863468
-0.17329765011863468
-0.17329765011863468
-0.17329765011863468
-0.17329765011863468
-0.17329765011863468
-0.17329765011863468
-0.17329765011863468
-0.17329765011863468
-0.17329765011863468
-0.17329765011863468
-0.17329765011863468
-0.17329765011863468
-0.17329765011863468
-0.17329765011863468
-0.17329765011863468
-0.17329765011863468
-0.17329765011863468
-0.17329765011863468
-0.17329765011863468
-0.17329765011863468
-0.17329765011863468
-0.17329765011863468
-0.17329765011863468
-0.17329765011863468
-0.17329765011863468
-0.17329765011863468
-0.17329765011863468
-0.17329765011863468
-0.17329765011863468
-0.17329765011863468
-0.17329765011863468
-0.17329765011863468
-0.17329765011863468
-0.17329765011863468
-0.17329765011863468
-0.17329765011863468
-0.17329765011863468
-0.17329765011863468
-0.17329765011863468
-0.17329765011863468
-0.17329765011863468
-0.17329765011863468
-0.17329765011863468
-0.17329765011863468
-0.17329765011863468
-0.17329765011863468
-0.17329765011863468
-0.17329765011863468
-0.17329765011863468
-0.17329765011863468
-0.17329765011863468
-0.17329765011863468
-0.17329765011863468
-0.17329765011863468
-0.17329765011863468
-0.17329765011863468
-0.17329765011863468
-0.17329765011863468
-0.3686166836096944
-0.2098493583773124
-0.17357446336345903
-0.16093471820399305
-0.15412399948974206
-0.16426765287481232
-0.17583799321773416
-0.15085736807899391
-0.16503815663425792
-0.15536219936399107
-0.15309365061803185
-0.15028948514578777
-0.1587230532707198
-0.15160993299034403
-0.1479871468245449
-0.16955073491293646
-0.14963685337592364
-0.15241773386935203
-0.1527880686016703
-0.15833438482563858
-0.15313019228592253
-0.15479420575454092
-0.15771632673238714
-0.15328519191205914
-0.15086976241927766
-0.14521162301712565
-0.14107217888069304
-0.1636962927852253
-0.18356365101871247
-0.20113350980137568
-0.2703910913031822
-0.1879907080326317
-0.23014755086220737
-0.19956600201174937
-0.3667829130356043
-0.31158674016927684
-0.23750313216929025
-0.2975082121594588
-0.22347779483948285
-0.2183701965732724
-0.2366396077609197
-0.24856900619197644
-0.36425073632443317
-0.22035571631747244
-0.21644268540927078
-0.21505710429085528
-0.22727760434388994
-0.24119314198760247
-0.24223923170313788
-0.24327809086983562
-0.25846588311958785
-0.30195779126573835
-0.24392480959357812
-0.20680488050431514
-0.20980365848218258
-0.2206566132820923
-0.24341398138453108
-0.2707266694444282
-0.2492180467729241
-0.23284376080530544
-0.3161410776360989
-0.18684211731232278
-0.28560093006158516
-0.21664504127338446
-0.25526944478004054
-0.2225755012795109
-0.26359587394539946
-0.20877460071984594
-0.21480804586285207
-0.25968089576314035
-6.665615744491133
-68.07689048274999
-0.5260419199312435
-0.5396299947487622
-0.729113586603432
-0.4095183929721494
-0.59903729269584
-0.46454121753017497
-0.6368139373235624
-0.3695730270126476
-0.36960809102077397
-0.34747450077573633
-0.35921601855870366
-3.8074557500407358
-0.9201051048665643
-1.0919745975961113
-0.33553607432359933
-0.23797474035979432
-14.42241207577788
-0.2473284429020651
-0.22902380443506345
-0.222676654807703
-0.36548782093872384
-0.22758224423903134
-0.35322413273083186
-0.7602836202355587
-0.27622278294085983
-0.24825215560717212
-1.0254570434278336
-0.24440652139890354
-0.23346279497633177
-0.23346279497633177
-0.23346279497633177
-0.23346279497633177
-0.23346279497633177
-0.23346279497633177
-0.23346279497633177
-0.23346279497633177
-0.23346279497633177
-0.23346279497633177
-0.23346279497633177
-0.23346279497633177
-0.23346279497633177
-0.23346279497633177
-0.23346279497633177
-0.23346279497633177
-0.23346279497633177
-0.23346279497633177
-0.23346279497633177
-0.23346279497633177
-0.23346279497633177
-0.23346279497633177
-0.23346279497633177
-0.23346279497633177
-0.23346279497633177
-0.23346279497633177
-0.23346279497633177
-0.23346279497633177
-0.23346279497633177
-0.23346279497633177
-0.23346279497633177
-0.23346279497633177
-0.23346279497633177
-0.23346279497633177
-0.23346279497633177
-0.23346279497633177
-0.23346279497633177
-0.23346279497633177
-0.23346279497633177
-0.23346279497633177
-0.23346279497633177
-0.23346279497633177
-0.23346279497633177
-0.23346279497633177
-0.23346279497633177
-0.23346279497633177
-0.23346279497633177
-0.23346279497633177
-0.23346279497633177
-0.23346279497633177
-0.23346279497633177
-0.23346279497633177
-0.23346279497633177
-0.23346279497633177
-0.23346279497633177
-0.23346279497633177
-0.23346279497633177
-0.23346279497633177
-0.23346279497633177
-0.23346279497633177
-0.23346279497633177
-0.23346279497633177
-0.23346279497633177
-0.23346279497633177
-0.23346279497633177
-0.23346279497633177
-0.23346279497633177
-0.23346279497633177
-0.23346279497633177
-0.23346279497633177
-0.23346279497633177
-0.23346279497633177
-0.23346279497633177
-0.23346279497633177
-0.23346279497633177
-0.23346279497633177
-0.23346279497633177
-0.23346279497633177
-0.23346279497633177
-0.23346279497633177
-0.23346279497633177
-0.23346279497633177
-0.23346279497633177
-0.23346279497633177
-0.23346279497633177
-0.23346279497633177
-0.23346279497633177
-0.23346279497633177
-0.23346279497633177
-0.23346279497633177
-0.23346279497633177
-0.23346279497633177
-0.23346279497633177
-0.23346279497633177
-0.23346279497633177
-0.23346279497633177
-0.23346279497633177
-0.23346279497633177
-0.23346279497633177
-0.23346279497633177
-0.2548204452023728
-0.3188960237707816
-0.237326932580407
-0.47959546980309686
-0.2897044200540289
-0.24233430273219014
-0.27827029866379965
-0.20542883004609122
-0.19681513196256012
-0.30876998336014766
-0.29486722639972784
-1.1240426455626793
-0.2559867612028995
-10.0511398867527
-24.757180464885852
-0.2257426336842144
-0.26968739138667286
-36.362483432004645
-0.2776785360519722
-0.2987091185828609
-0.3590134254250859
-16.358395454650285
-0.3677748984549436
-0.33120196042701033
-0.28702497879452454
-0.3255107400373058
-0.32927021781175936
-0.30105553223037423
-11.753934017110538
-0.2742213508883064
-0.7407676243981949
-2.239326059812259
-4.2134651751235435
-0.19940235162872375
-0.21235534865840403
-0.19598725650661752
-0.6639047552287278
-0.5456022812617656
-0.20660914671573088
-0.20083241686947303
-0.2600795093832129
-0.2608734578771186
-0.3188088224131834
-0.5346974848982453
-0.25462735363839345
-0.3151098956303967
-0.2887307699987455
-0.2728172623611173
-0.25120211028708384
-0.21429063159785108
-0.2332131169935826
-0.20250055909551462
-0.21800699133091683
-0.2144221366123817
-0.19675245551197373
-0.2027811399770395
-0.19184042646307875
-0.19364366890832774
-0.17983129487553495
-0.1748958285983899
-0.17418033997348675
-0.20076758957236274
-0.3322278757144304
-0.18246351593288185
-0.19171812746715208
-0.19876565687353157
-0.2113561047573079
-0.22113213953212116
-0.23682746818117667
-38.57055413864422
-4.283468263156421
-7.149510506066284
-0.19113541114107382
-0.20308063338655233
-23.68835482386262
-0.2399703178421999
-0.3178819946491551
-0.2333908608483979
-0.21592105452833485
-0.31917939724481625
-0.2747502595978334
-0.7218508810192283
-0.17119444286485422
-0.256506893575444
-17.142201883171772
-0.4081636226640967
-0.20480009362548832
-0.18365541962827608
-0.17404299886415114
-11.44256657985949
-1.4387850905101003
-17.34966617372631
-0.1842564260593725
-0.23415651433774023
-0.22193374677504935
-0.20035473480093335
-1.0062833080565738
-25.908960126796288
-6.4540038876400665
-0.7263028813140993
-0.20228729302448673
-0.20228729302448673
-0.20228729302448673
-0.20228729302448673
-0.20228729302448673
-0.20228729302448673
-0.20228729302448673
-0.20228729302448673
-0.20228729302448673
-0.20228729302448673
-0.20228729302448673
-0.20228729302448673
-0.20228729302448673
-0.20228729302448673
-0.20228729302448673
-0.20228729302448673
-0.20228729302448673
-0.20228729302448673
-0.20228729302448673
-0.20228729302448673
-0.20228729302448673
-0.20228729302448673
-0.20228729302448673
-0.20228729302448673
-0.20228729302448673
-0.20228729302448673
-0.20228729302448673
-0.20228729302448673
-0.20228729302448673
-0.20228729302448673
-0.20228729302448673
-0.20228729302448673
-0.20228729302448673
-0.20228729302448673
-0.20228729302448673
-0.20228729302448673
-0.20228729302448673
-0.20228729302448673
-0.20228729302448673
-0.20228729302448673
-0.20228729302448673
-0.20228729302448673
-0.20228729302448673
-0.20228729302448673
-0.20228729302448673
-0.20228729302448673
-0.20228729302448673
-0.20228729302448673
-0.20228729302448673
-0.20228729302448673
-0.20228729302448673
-0.20228729302448673
-0.20228729302448673
-0.20228729302448673
-0.20228729302448673
-0.20228729302448673
-0.20228729302448673
-0.20228729302448673
-0.20228729302448673
-0.20228729302448673
-0.20228729302448673
-0.20228729302448673
-0.20228729302448673
-0.20228729302448673
-0.20228729302448673
-0.20228729302448673
-0.20228729302448673
-0.20228729302448673
-0.20228729302448673
-0.20228729302448673
-0.20228729302448673
-0.20228729302448673
-0.20228729302448673
-0.20228729302448673
-0.20228729302448673
-0.20228729302448673
-0.20228729302448673
-0.20228729302448673
-0.20228729302448673
-0.20228729302448673
-0.20228729302448673
-0.20228729302448673
-0.20228729302448673
-0.20228729302448673
-0.20228729302448673
-0.20228729302448673
-0.20228729302448673
-0.20228729302448673
-0.20228729302448673
-0.20228729302448673
-0.20228729302448673
-0.20228729302448673
-0.20228729302448673
-0.20228729302448673
-0.20228729302448673
-0.20228729302448673
-0.20228729302448673
-0.20228729302448673
-0.20228729302448673
-0.20228729302448673
-0.8525095585413587
-1.0094979869470604
-0.1771808139655796
-0.14388016722885108
-0.14146826488633288
-0.1419147758599188
-0.14844514489194544
-0.1915137778196929
-0.2814421535318004
-0.28508687987646486
-0.17957054732038583
-0.2919476870467617
-0.26857451522254155
-0.17936784017190932
-0.17582591236492173
-0.4937121579713317
-0.22586949747234777
-0.2733680095127844
-0.2507615779672639
-0.31477950178954883
-0.23235752242502875
-0.2765739825269036
-0.17602983991899604
-0.3818557740892364
-0.2200373643842164
-0.23455293254910306
-0.2175737847185163
-0.28744535653582826
-0.2415724895490622
-0.24821986752642228
-0.2581987552942437
-0.3050243009112698
-27.061069328674225
-0.3730489363065242
-51.62957357001871
-0.3284756211263246
-0.34018284953795136
-36.163341452679695
-14.108584527767253
-8.982012726776857
-16.600729898933796
-12.177966244555497
-2.2036309731194
-0.22666046963190387
-0.223355013440204
-0.2060101806941946
-0.1982667320056993
-0.258881260705977
-0.3421268217921589
-0.4175142610107715
-0.25184151838682334
-0.2070529056993558
-0.20615724708513086
-0.24212500749275936
-0.2252599447821948
-0.19842385324605044
-0.2363631325019253
-0.20053049873938628
-0.2741041969553183
-0.2548331387716206
-0.23526738574406175
-0.29159077445881326
-0.2835541209729854
-0.2791915074460681
-0.2067740582951098
-0.22683160312788544
-0.24622895237334397
-0.28249768751153553
-0.21987954358138134
-0.3262829467005022
-0.19613153241803793
-0.19814369860565664
-0.19849743240780657
-0.22995847921810134
-0.20186860645220187
-0.20498402485764847
-0.20330481186028426
-0.24225465636289018
-0.28053107747920947
-0.21897172332776585
-0.20117300039523656
-0.1793059235422368
-0.2821378824669193
-20.628328846343777
-35.18198803004119
-26.372442321399728
-7.5944541767018405
-45.86504299925394
-15.967391655984951
-1.6788417011796726
-14.195786952798446
-29.179724661630996
-25.447003841499452
-8.387428028086303
-8.842578510881266
-0.99658304786581
-2.593824640708118
-17.762399023489326
-4.0686821625303615
-3.3369019818209344
-0.28408980780051285
-0.28408980780051285
-0.28408980780051285
-0.28408980780051285
-0.28408980780051285
-0.28408980780051285
-0.28408980780051285
-0.28408980780051285
-0.28408980780051285
-0.28408980780051285
-0.28408980780051285
-0.28408980780051285
-0.28408980780051285
-0.28408980780051285
-0.28408980780051285
-0.28408980780051285
-0.28408980780051285
-0.28408980780051285
-0.28408980780051285
-0.28408980780051285
-0.28408980780051285
-0.28408980780051285
-0.28408980780051285
-0.28408980780051285
-0.28408980780051285
-0.28408980780051285
-0.28408980780051285
-0.28408980780051285
-0.28408980780051285
-0.28408980780051285
-0.28408980780051285
-0.28408980780051285
-0.28408980780051285
-0.28408980780051285
-0.28408980780051285
-0.28408980780051285
-0.28408980780051285
-0.28408980780051285
-0.28408980780051285
-0.28408980780051285
-0.28408980780051285
-0.28408980780051285
-0.28408980780051285
-0.28408980780051285
-0.28408980780051285
-0.28408980780051285
-0.28408980780051285
-0.28408980780051285
-0.28408980780051285
-0.28408980780051285
-0.28408980780051285
-0.28408980780051285
-0.28408980780051285
-0.28408980780051285
-0.28408980780051285
-0.28408980780051285
-0.28408980780051285
-0.28408980780051285
-0.28408980780051285
-0.28408980780051285
-0.28408980780051285
-0.28408980780051285
-0.28408980780051285
-0.28408980780051285
-0.28408980780051285
-0.28408980780051285
-0.28408980780051285
-0.28408980780051285
-0.28408980780051285
-0.28408980780051285
-0.28408980780051285
-0.28408980780051285
-0.28408980780051285
-0.28408980780051285
-0.28408980780051285
-0.28408980780051285
-0.28408980780051285
-0.28408980780051285
-0.28408980780051285
-0.28408980780051285
-0.28408980780051285
-0.28408980780051285
-0.28408980780051285
-0.28408980780051285
-0.28408980780051285
-0.28408980780051285
-0.28408980780051285
-0.28408980780051285
-0.28408980780051285
-0.28408980780051285
-0.28408980780051285
-0.28408980780051285
-0.28408980780051285
-0.28408980780051285
-0.28408980780051285
-0.28408980780051285
-0.28408980780051285
-0.28408980780051285
-0.28408980780051285
-0.28408980780051285
-0.20534537943443015
-0.19146743871647162
-0.17630476230549558
-0.2217117827230911
-0.2460233033366883
-0.22365619068648193
-0.2111651064384834
-0.22591606153045155
-0.253343321391492
-0.24129635632092197
-0.23800542033397543
-0.19799343782604148
-0.19474412940678798
-0.23577068927908623
-0.23066488900526422
-0.2087024078539897
-0.19074605695865676
-0.21339377829728
-0.21225085801346852
-0.20903413096384013
-0.2822000375497816
-0.23228694864214572
-0.23219972973595684
-0.15892445044592501
-11.452744652455694
-7.769983129123108
-6.195734897837344
-2.1820384389639123
-1.2593975539622497
-29.68366455679093
-25.289702069116885
-0.6338066405588751
-0.565338998139012
-3.1496810354107376
-63.34594680812413
-84.4816587034329
-96.12598793600145
-92.77139271724857
-59.96866492623238
-1.6751577844693937
-34.27328056851006
-18.156794817084034
-1.685158176600344
-53.537977486217656
-124.4208265358654
-112.08665495248782
-106.85241786762116
-88.90144570417151
-63.208051931560824
-37.1686111332932
-16.422703525600323
-39.23856646152842
-19.839796466471473
-41.9058118219704
-13.573199033536365
-9.734022872700518
-42.041673890121174
-69.30362346678471
-46.28241014972603
-0.6632449956989653
-2.5470039567759106
-63.27854052458792
-46.547825782402036
-24.31240186967213
-1.9734433640957074
-4.759247533301108
-4.718598903773566
-9.387963283653384
-5.298890741793659
-55.30724972613264
-98.55937612036318
-104.1728118883251
-116.91275607290015
-117.30470674339841
-114.47784599429833
-73.50154974405018
-32.2493678450282
-0.8984300695615333
-9.56073400177661
-14.554639068506232
-27.950991766364858
-42.89767216135838
-48.30076060547169
-2.9970695173785056
-58.760705159311854
-66.04683205576073
-40.296589817653214
-40.43300226751614
-37.089468696959806
-24.104401062299427
-18.100547489035037
-0.501723090782779
-0.9163198202355053
-23.101841435344877
-32.46202354881104
-62.318004756861214
-69.89306013217369
-77.74809981594677
-41.60059119047289
-28.37885360795113
-34.97430931371289
-27.00717505002757
-9.213492474763235
-24.957841103156454
-10.497401669367505
-27.26061740018673
-48.29977019562224
-18.83368658975973
-0.5612960213040596
-1.0613077361683965
-0.7529100340809919
-9.771864126800743
-24.384833241285182
-29.737681776491034
-30.84607425313741
-36.20411718459836
-28.756414191898436
-12.83892373630252
-4.420001588065689
-8.11298311613833
-0.2810037008427729
-0.5566479105820454
-4.008184843723459
-45.53319659701231
-5.102160307424738
-5.102160307424738
-5.102160307424738
-5.102160307424738
-5.102160307424738
-5.102160307424738
-5.102160307424738
-5.102160307424738
-5.102160307424738
-5.102160307424738
-5.102160307424738
-5.102160307424738
-5.102160307424738
-5.102160307424738
-5.102160307424738
-5.102160307424738
-5.102160307424738
-5.102160307424738
-5.102160307424738
-5.102160307424738
-86.71523361919857
-39.93320175538978
-54.911654446040615
-20.885926478203807
-62.48723081308574
-101.24853393037242
-91.47631121589805
-112.89113685488259
-124.06397439268672
-118.36375153232552
-63.98210766464249
-39.67396253370842
-61.52435620415497
-77.59824210896136
-46.24409972303692
-64.95470525024942
-80.77875935972634
-64.27706061978705
-92.37667261521783
-105.71035263710395
-118.17895841484373
-123.41200618728807
-86.0768456440435
-89.22495095662123
-42.446923745372274
-56.62800004296693
-13.412089932608955
-27.84816643376653
-58.12641666866708
-6.695684092353426
-7.901922069455542
-13.411717337367701
-1.8241519499342767
-1.1919629455821077
-12.576443188027103
-15.841180688150336
-7.63798766843099
-33.01253885036704
-22.638214575784307
-16.67873387900434
-32.84769991007255
-75.43297319915185
-18.730705193539418
-46.79792987756865
-90.0978263150887
-74.77830820596036
-76.28973518673935
-110.54094799423048
-123.22529504166056
-103.39324433446137
-122.0401042826459
-86.76282257720544
-122.01831111034257
-118.57503028617892
-100.51302161526199
-116.0266703636711
-71.6444387424795
-105.88615933809216
-99.48118486445436
-54.68640852040073
-109.0046488854119
-63.947380300650494
-59.35200211697809
-55.59622098561419
-21.595633559428904
-10.038451161110874
-9.759027393311339
-25.875209415897988
-21.833054618275177
-50.751494192789174
-17.406072150771504
-11.337472545973915
-4.125226854278936
-4.899254808172913
-40.27093206939586
-1.9833646307597617
-16.573223620035723
-32.86975965426189
-36.669468565210565
-50.35396587715736
-44.858388984462216
-72.446854015197
-67.92009971984662
-17.2313813419084
-26.162700619774885
-13.876337036552783
-6.171209207074641
-6.858112802999394
-10.335574203188092
-11.882714085721798
-27.50690948940603
-87.78438512299785
-110.42232370234223
-93.87724968156232
-79.0244948892586
-87.4680271256193
-29.98194794775089
-38.79557090975861
-32.022025991378335
-38.77106322308817
-5.102160307424738
-5.102160307424738
-5.102160307424738
-5.102160307424738
-5.102160307424738
-5.102160307424738
-5.102160307424738
-5.102160307424738
-5.102160307424738
-5.102160307424738
-5.102160307424738
-5.102160307424738
-5.102160307424738
-5.102160307424738
-5.102160307424738
-5.102160307424738
-5.102160307424738
-5.102160307424738
-5.102160307424738
-5.102160307424738
-36.39890383356142
-11.560880805536444
-3.7776894266314915
-23.8344729421887
-29.31332697809222
-35.202448224494404
-70.78000709217596
-8.971467679575364
-1.2312148263204616
-16.096812529380028
-39.423645198003776
-19.627839738125488
-18.46322700040155
-1.4476817211004254
-12.837394235741513
-15.246848156406314
-22.947717228343976
-5.0969728665784855
-4.649672771252652
-3.247427555295221
-3.4814990342497207
-4.843700437146925
-26.620914085503546
-8.8162201825613
-6.045027091958464
-7.432845357518017
-33.16167319564119
-6.864781349481295
-2.7002838355971615
-29.084886743651364
-58.582519124877344
-41.25087250646253
-1.9718673052416
-3.5640208555234767
-0.8195747848839068
-0.9651700726203372
-1.9091776078343468
-0.6451836182813226
-0.39126533631703625
-0.8975515037922371
-3.588274778053924
-0.6777545106060971
-0.5472257250479701
-0.6443397750120338
-0.7123101766028546
-18.092225860982886
-4.22414034578306
-31.64927487654702
-28.912838225633735
-19.88057131422466
-45.754836631033996
-48.55641687543581
-36.07264452819457
-34.8697442070464
-46.60487384964801
-25.280485383693375
-9.59814349967798
-5.769708942302207
-1.114411682934765
-5.25938981692133
-5.2993822989988475
-8.000066504584934
-17.20679776630071
-12.091849650227193
-19.338727101279478
-18.03895417206205
-7.857901034607209
-7.721583284263955
-5.536042171221073
-24.7987951539905
-37.93289001079634
-72.15640747517445
-94.11401757511362
-113.04675515289864
-133.59942600446553
-126.264457612921
-127.73263797929552
-80.64895902435576
-72.9693154019553
-50.62506003495905
-14.032013136880304
-13.265867198853138
-58.73344507026865
-70.40400975330454
-77.20348360611533
-67.18695480941048
-49.2460315374092
-31.26741046633844
-12.619523202308573
-3.8338028873400085
-63.72746027529554
-3.713454612128912
-43.55116049657402
-15.838374607555025
-24.91082265269721
-36.415259799623435
-61.26803490235742
-20.29720736070088
-49.073719867819634
-75.34323305138012
-5.102160307424738
-5.102160307424738
-5.102160307424738
-5.102160307424738
-5.102160307424738
-5.102160307424738
-5.102160307424738
-5.102160307424738
-5.102160307424738
-5.102160307424738
-5.102160307424738
-5.102160307424738
-5.102160307424738
-5.102160307424738
-5.102160307424738
-5.102160307424738
-5.102160307424738
-5.102160307424738
-5.102160307424738
-5.102160307424738
-38.805674516332076
-3.027825644534189
-44.39271466483587
-2.190438704100937
-1.5994013069039714
-18.572105667056647
-12.680162315889568
-65.93237108393541
-29.55648893322249
-8.68268330929152
-35.520466669121554
-21.090531343729747
-24.53528788705228
-30.145589021449215
-71.46995468672162
-67.47760800723914
-11.302558057591664
-25.036601907363075
-36.089411570102726
-16.065462361250983
-59.866298077199204
-45.63144430263411
-8.917574096115148
-6.71405210148681
-1.37340895718365
-0.5294322110684749
-1.6646257971354899
-0.9345237758592053
-1.7908143894496962
-6.22364962480068
-11.650698818257023
-1.4873837298809431
-38.26223760817399
-1.6577284785589441
-2.8256882748969883
-1.814642238661722
-1.000504341426421
-2.3687132209358754
-3.0543168510466296
-4.538611476636358
-32.477398082699054
-3.2727540044074797
-1.4829842629369443
-1.4289499058891848
-0.5548827938625792
-0.4210155581079556
-2.4835696635267315
-0.6525099973874515
-0.5904374690061512
-0.5229894099936645
-9.919969665751767
-1.906449724778708
-0.6241903863530976
-19.044622261460894
-21.173682981853204
-19.051114613512677
-19.754450242157386
-24.03888945120839
-1.211499049702787
-10.524044783813613
-30.19064434061739
-18.344438092688048
-22.173314336973938
-19.061379325249156
-9.515908853040319
-10.653976015536664
-7.90733602229118
-0.6571690743549774
-0.6817633722072104
-1.0512933396817354
-6.207596989786189
-63.55310282451306
-57.25099771314871
-39.27432283146003
-36.79756141714316
-19.26651007794063
-20.991575641119585
-3.747720917767753
-6.069053119188784
-3.7088860349282387
-10.606332850195836
-7.166409605604984
-5.302945057320432
-0.306627770654838
-0.3415460577306862
-0.8955627420531169
-0.4365075534834829
-1.6038413664058475
-6.954941798225314
-4.986473090538289
-0.5489427653082178
-28.342328716251966
-28.414806270908986
-9.565011347421892
-14.938596937055344
-35.1139392754688
-1.1453661340193575
-1.5722566918702023
-4.646732236651278
-4.012574797731017
-4.512727988701825
-4.512727988701825
-4.512727988701825
-4.512727988701825
-4.512727988701825
-4.512727988701825
-4.512727988701825
-4.512727988701825
-4.512727988701825
-4.512727988701825
-4.512727988701825
-4.512727988701825
-4.512727988701825
-4.512727988701825
-4.512727988701825
-4.512727988701825
-4.512727988701825
-4.512727988701825
-4.512727988701825
-4.512727988701825
-45.65040691391418
-20.953255366927458
-17.174294906519652
-67.25438094645163
-21.834892736313808
-20.723913320503936
-9.368566337217583
-7.347160500535484
-27.830514975144023
-6.080607801200324
-0.35170919323966443
-2.697883052397847
-0.6563704823621269
-7.384849791962529
-14.24454064607861
-8.071006697508789
-1.84269047240919
-0.36681545705205065
-58.907984171966966
-2.10920700885148
-53.40667716004138
-0.5075546654490903
-0.33484923845615405
-3.151800736492895
-0.20876730628174095
-0.19321517860599408
-0.26959310007023835
-0.21622970604881056
-4.755038116480536
-6.796147716983911
-0.9829649985971792
-1.0377575012430573
-0.7614546360308506
-0.40500885218564053
-3.472431189236254
-2.606133400074628
-2.7684905860040403
-70.93514103545171
-6.670830476973443
-0.3636937395712166
-0.9523490755585395
-30.018677610661356
-0.2918687721196612
-0.23928885036011754
-0.17763636838237692
-3.165035840490505
-1.0837211431381553
-3.437198235036743
-5.2455972289371795
-2.217461576666768
-1.4628805402265668
-0.9272045118506588
-0.2918150671564786
-1.0913745797520635
-0.2334325773808211
-0.2518908925220929
-0.6364811740960843
-0.24207960542666285
-0.26509688530467024
-1.2959700731651105
-67.51010087013478
-0.8839351724811799
-1.7180030029474938
-0.9847099972488271
-2.4694058151890306
-2.6216848778128448
-2.7587277737941616
-0.41308918824824414
-0.48504265554505793
-0.4869206592699662
-18.94243170400868
-1.3702616502952647
-6.24150357538156
-26.331772285958802
-0.8156695839050384
-0.8745463097542608
-3.623049993249375
-0.2717426655309282
-0.2505666989833447
-0.3064597537276384
-0.3503081261915341
-3.120202062149084
-80.43631497214513
-0.6223332178879084
-75.22776969208158
-5.829645080631768
-2.1238201567139794
-4.478325020669982
-17.50797293937864
-2.994140289523822
-32.94428287621796
-22.748720183943995
-35.70873051992162
-34.15781630133286
-18.432103747097962
-25.598372798850402
-0.3112095111147518
-27.773666082164894
-0.18545467100454846
-0.20888177087843787
-0.37690397053217034
-0.37690397053217034
-0.37690397053217034
-0.37690397053217034
-0.37690397053217034
-0.37690397053217034
-0.37690397053217034
-0.37690397053217034
-0.37690397053217034
-0.37690397053217034
-0.37690397053217034
-0.37690397053217034
-0.37690397053217034
-0.37690397053217034
-0.37690397053217034
-0.37690397053217034
-0.37690397053217034
-0.37690397053217034
-0.37690397053217034
-0.37690397053217034
-0.37690397053217034
-0.37690397053217034
-0.37690397053217034
-0.37690397053217034
-0.37690397053217034
-0.37690397053217034
-0.37690397053217034
-0.37690397053217034
-0.37690397053217034
-0.37690397053217034
-0.37690397053217034
-0.37690397053217034
-0.37690397053217034
-0.37690397053217034
-0.37690397053217034
-0.37690397053217034
-0.37690397053217034
-0.37690397053217034
-0.37690397053217034
-0.37690397053217034
-0.37690397053217034
-0.37690397053217034
-0.37690397053217034
-0.37690397053217034
-0.37690397053217034
-0.37690397053217034
-0.37690397053217034
-0.37690397053217034
-0.37690397053217034
-0.37690397053217034
-0.37690397053217034
-0.37690397053217034
-0.37690397053217034
-0.37690397053217034
-0.37690397053217034
-0.37690397053217034
-0.37690397053217034
-0.37690397053217034
-0.37690397053217034
-0.37690397053217034
-0.37690397053217034
-0.37690397053217034
-0.37690397053217034
-0.37690397053217034
-0.37690397053217034
-0.37690397053217034
-0.37690397053217034
-0.37690397053217034
-0.37690397053217034
-0.37690397053217034
-0.37690397053217034
-0.37690397053217034
-0.37690397053217034
-0.37690397053217034
-0.37690397053217034
-0.37690397053217034
-0.37690397053217034
-0.37690397053217034
-0.37690397053217034
-0.37690397053217034
-0.37690397053217034
-0.37690397053217034
-0.37690397053217034
-0.37690397053217034
-0.37690397053217034
-0.37690397053217034
-0.37690397053217034
-0.37690397053217034
-0.37690397053217034
-0.37690397053217034
-0.37690397053217034
-0.37690397053217034
-0.37690397053217034
-0.37690397053217034
-0.37690397053217034
-0.37690397053217034
-0.37690397053217034
-0.37690397053217034
-0.37690397053217034
-0.37690397053217034
-6.641928991708511
-4.295249425111248
-0.20684048551842268
-0.21203752055754854
-0.22374605806054815
-6.948186072788688
-83.08389940571888
-13.485602804825163
-12.227849977481899
-26.327528623494754
-13.057522706996046
-18.730638490585275
-33.48348800943178
-22.86444579475019
-40.61719546620962
-32.242004737655876
-32.39250872521845
-116.51176776480433
-0.6443407307710177
-0.5826566729564833
-43.43618561232559
-0.322311941572956
-1.0335769242003816
-0.3076305406452907
-27.428988192639416
-80.508930968795
-26.17505818494076
-0.38217837875936544
-0.41333270639169933
-0.22197331298375617
-0.29955196589600425
-0.33152365361734104
-0.3388241412536065
-37.71645037530634
-0.3019245959870567
-0.9726309305415993
-7.731797568485963
-0.4269929858990066
-0.26810118791865567
-0.279745022113381
-0.3392785487565765
-2.9346503980301
-13.121723239367697
-7.229776511213497
-0.769091905915218
-0.4819233334087114
-0.8029071289911179
-1.030257744442358
-1.397164149191163
-0.1892177007547124
-0.19510827629489555
-0.19991183104588844
-1.0730079717109635
-3.190715154991809
-0.5650126214381697
-0.35973452123121663
-0.456980191840656
-0.5223241779708148
-0.39439903922719016
-20.544074318955214
-0.3793245746633083
-19.253803146771006
-22.55243868056071
-31.708038737223188
-37.147448602979985
-38.40550632846651
-15.270992791374258
-0.26272451380140416
-0.3743146280993239
-0.42919330342446743
-0.3937713037809637
-0.3692235827740591
-0.2695149989636072
-0.24873876673429354
-0.3466571637483076
-0.3139259625127219
-0.26546432572364126
-0.6207928858343856
-2.8527988664995263
-0.2755782949368995
-0.3434333930426623
-0.3898927639218084
-0.4565402833934509
-0.49840102204001496
-0.6382891986746115
-0.42481155853623404
-21.786094633434715
-39.05122262174211
-0.5341130444016275
-17.62321447517908
-13.151592186397284
-23.786445370383337
-0.408612454541302
-0.3855432303300205
-0.4098771745808366
-0.412771474258452
-0.36326774827070585
-0.3415015129718081
-0.32228875622175046
-0.3685141935674076
-0.2184112037756701
-0.2184112037756701
-0.2184112037756701
-0.2184112037756701
-0.2184112037756701
-0.2184112037756701
-0.2184112037756701
-0.2184112037756701
-0.2184112037756701
-0.2184112037756701
-0.2184112037756701
-0.2184112037756701
-0.2184112037756701
-0.2184112037756701
-0.2184112037756701
-0.2184112037756701
-0.2184112037756701
-0.2184112037756701
-0.2184112037756701
-0.2184112037756701
-0.2184112037756701
-0.2184112037756701
-0.2184112037756701
-0.2184112037756701
-0.2184112037756701
-0.2184112037756701
-0.2184112037756701
-0.2184112037756701
-0.2184112037756701
-0.2184112037756701
-0.2184112037756701
-0.2184112037756701
-0.2184112037756701
-0.2184112037756701
-0.2184112037756701
-0.2184112037756701
-0.2184112037756701
-0.2184112037756701
-0.2184112037756701
-0.2184112037756701
-0.2184112037756701
-0.2184112037756701
-0.2184112037756701
-0.2184112037756701
-0.2184112037756701
-0.2184112037756701
-0.2184112037756701
-0.2184112037756701
-0.2184112037756701
-0.2184112037756701
-0.2184112037756701
-0.2184112037756701
-0.2184112037756701
-0.2184112037756701
-0.2184112037756701
-0.2184112037756701
-0.2184112037756701
-0.2184112037756701
-0.2184112037756701
-0.2184112037756701
-0.2184112037756701
-0.2184112037756701
-0.2184112037756701
-0.2184112037756701
-0.2184112037756701
-0.2184112037756701
-0.2184112037756701
-0.2184112037756701
-0.2184112037756701
-0.2184112037756701
-0.2184112037756701
-0.2184112037756701
-0.2184112037756701
-0.2184112037756701
-0.2184112037756701
-0.2184112037756701
-0.2184112037756701
-0.2184112037756701
-0.2184112037756701
-0.2184112037756701
-0.2184112037756701
-0.2184112037756701
-0.2184112037756701
-0.2184112037756701
-0.2184112037756701
-0.2184112037756701
-0.2184112037756701
-0.2184112037756701
-0.2184112037756701
-0.2184112037756701
-0.2184112037756701
-0.2184112037756701
-0.2184112037756701
-0.2184112037756701
-0.2184112037756701
-0.2184112037756701
-0.2184112037756701
-0.2184112037756701
-0.2184112037756701
-0.2184112037756701
-0.29858053431684406
-0.3577995160091419
-0.3857218514764945
-0.44349346306603327
-0.419531775976044
-0.35111705829677947
-0.3264912795643895
-0.36450512940312535
-0.36471517727679476
-0.2720731447777253
-0.27350275425605397
-0.296021313690216
-0.2696227934178243
-0.29317221599020693
-0.390074642679895
-0.2340946278487396
-0.2643486064152871
-0.285008369953367
-0.21080302148330576
-0.24022975840022207
-0.3475805057870952
-0.26793928878569795
-0.24475325867735392
-0.3924109461093167
-0.3511971967364978
-0.35834281962753994
-0.3956201637456632
-0.48717239459012357
-46.86820435763532
-0.33667895337845
-0.2630772980571891
-0.2653340614213283
-0.2686757163078194
-0.3433171827732943
-0.4209913286268457
-0.2623205938481871
-0.37395749318797317
-0.21655491576620917
-0.22943837096570224
-0.22651957983917886
-0.2287741618548563
-0.21637968437363195
-0.27863802495382184
-0.21467178379476537
-0.19574570127895655
-0.1866610249901156
-0.2769658329587922
-0.18851944631052683
-29.656313479695985
-22.31911046164873
-0.17152045069655847
-0.625369818773855
-16.43905330012011
-14.38842332665143
-5.258482642297869
-8.250794549347587
-12.27398212047432
-14.657646008355558
-6.496990775087138
-50.11786315954652
-27.89050155827644
-12.788676677910013
-6.3579576658884385
-19.657788323343567
-1.9378863294573407
-28.1093459412049
-85.77717647052442
-69.14540444556667
-38.51450841279776
-0.29658257764257545
-0.2689676371418587
-48.90491091083445
-0.24609820729918144
-0.4726461130329372
-0.27364838733106883
-0.30542458757157515
-0.25910228652120826
-0.28589861704354613
-0.3326556862222906
-0.29117239342469364
-0.30473288122840275
-0.3366469700023612
-0.25861957668075314
-0.28177719406963153
-0.24503797637784938
-0.22735326221911167
-0.3563578729250154
-0.35498862881673143
-0.21379861038411832
-0.21604207522090507
-0.219739666808819
-0.2058112541722239
-0.21145470941305447
-0.25966886625966235
-0.2227405126931865
-0.2706173623366884
-0.30244339468096065
-0.21793226163568744
-0.21953386989671067
-0.21912092185956825
-0.18293648127053366
-0.18293648127053366
-0.18293648127053366
-0.18293648127053366
-0.18293648127053366
-0.18293648127053366
-0.18293648127053366
-0.18293648127053366
-0.18293648127053366
-0.18293648127053366
-0.18293648127053366
-0.18293648127053366
-0.18293648127053366
-0.18293648127053366
-0.18293648127053366
-0.18293648127053366
-0.18293648127053366
-0.18293648127053366
-0.18293648127053366
-0.18293648127053366
-0.18293648127053366
-0.18293648127053366
-0.18293648127053366
-0.18293648127053366
-0.18293648127053366
-0.18293648127053366
-0.18293648127053366
-0.18293648127053366
-0.18293648127053366
-0.18293648127053366
-0.18293648127053366
-0.18293648127053366
-0.18293648127053366
-0.18293648127053366
-0.18293648127053366
-0.18293648127053366
-0.18293648127053366
-0.18293648127053366
-0.18293648127053366
-0.18293648127053366
-0.18293648127053366
-0.18293648127053366
-0.18293648127053366
-0.18293648127053366
-0.18293648127053366
-0.18293648127053366
-0.18293648127053366
-0.18293648127053366
-0.18293648127053366
-0.18293648127053366
-0.18293648127053366
-0.18293648127053366
-0.18293648127053366
-0.18293648127053366
-0.18293648127053366
-0.18293648127053366
-0.18293648127053366
-0.18293648127053366
-0.18293648127053366
-0.18293648127053366
-0.18293648127053366
-0.18293648127053366
-0.18293648127053366
-0.18293648127053366
-0.18293648127053366
-0.18293648127053366
-0.18293648127053366
-0.18293648127053366
-0.18293648127053366
-0.18293648127053366
-0.18293648127053366
-0.18293648127053366
-0.18293648127053366
-0.18293648127053366
-0.18293648127053366
-0.18293648127053366
-0.18293648127053366
-0.18293648127053366
-0.18293648127053366
-0.18293648127053366
-0.18293648127053366
-0.18293648127053366
-0.18293648127053366
-0.18293648127053366
-0.18293648127053366
-0.18293648127053366
-0.18293648127053366
-0.18293648127053366
-0.18293648127053366
-0.18293648127053366
-0.18293648127053366
-0.18293648127053366
-0.18293648127053366
-0.18293648127053366
-0.18293648127053366
-0.18293648127053366
-0.18293648127053366
-0.18293648127053366
-0.18293648127053366
-0.18293648127053366
-0.20956191270059357
-0.28134739007012655
-0.28962481143169994
-0.20438320858554776
-0.2054985126669496
-0.28861890165405046
-0.20136160271358902
-54.1868062906387
-0.21600816870846812
-0.22941277359133858
-0.22187281316195487
-0.2104046796836101
-6.03904326548989
-0.24875459682131348
-0.33858419882539303
-0.2502876272514824
-0.25532162058308255
-0.269420827969852
-0.2624006213842132
-0.31046537839112537
-0.27353571369998614
-0.23478928968879062
-0.27002646653624934
-0.2836707823910126
-0.24604720526958562
-0.29446654002808526
-0.25842457969490074
-0.23829037060345726
-0.31647005574924286
-0.3084865470558067
-0.25610015808694675
-0.26269692441300546
-0.27794892398764126
-0.2438214433579277
-0.3649434583258992
-0.25751224272911005
-0.2201014916583546
-0.3893477836763286
-0.3508747213491567
-0.23690526403510115
-0.344903459617113
-0.20758200970207438
-0.18721470367641554
-0.21502455209054414
-0.20489257867988964
-0.6814820863206194
-0.384028455746101
-0.27187104515750976
-0.220952196225756
-0.28644362936429824
-0.23492834989831088
-0.24645702730549038
-0.21654277673710165
-0.2693852427760011
-0.23170331482381878
-0.2644691032673997
-0.330744036945037
-0.2852520202473311
-0.30145334849013555
-0.37314502115884685
-0.45284546872357184
-0.33066637892114586
-0.3419016815222977
-0.45143238454643475
-0.38190917530138974
-0.36434399424820824
-0.25209130540585345
-0.33105668440112856
-0.2983530025391854
-0.23741804051310175
-0.28830186508884775
-0.3658664677031241
-0.322658642927174
-0.32331671089813113
-0.3733904873722919
-0.37007856345911605
-0.4986373048592744
-0.40432902979390295
-0.34093460879558113
-0.3227246841482771
-0.43625822617483245
-0.36969319561561564
-0.38950472767055655
-6.653180996328065
-13.607762148965833
-7.175633832964311
-12.804076115284861
-22.763094761171146
-35.071066105993886
-58.17600266539291
-1.6190521529805153
-1.132467256715336
-1.083183384220132
-0.5256018820733644
-18.797012471792048
-4.643199356889086
-0.289954262339032
-13.88803888891306
-3.271276553544551
-9.19730259320672
-0.18742608397000932
-0.18742608397000932
-0.18742608397000932
-0.18742608397000932
-0.18742608397000932
-0.18742608397000932
-0.18742608397000932
-0.18742608397000932
-0.18742608397000932
-0.18742608397000932
-0.18742608397000932
-0.18742608397000932
-0.18742608397000932
-0.18742608397000932
-0.18742608397000932
-0.18742608397000932
-0.18742608397000932
-0.18742608397000932
-0.18742608397000932
-0.18742608397000932
-0.18742608397000932
-0.18742608397000932
-0.18742608397000932
-0.18742608397000932
-0.18742608397000932
-0.18742608397000932
-0.18742608397000932
-0.18742608397000932
-0.18742608397000932
-0.18742608397000932
-0.18742608397000932
-0.18742608397000932
-0.18742608397000932
-0.18742608397000932
-0.18742608397000932
-0.18742608397000932
-0.18742608397000932
-0.18742608397000932
-0.18742608397000932
-0.18742608397000932
-0.18742608397000932
-0.18742608397000932
-0.18742608397000932
-0.18742608397000932
-0.18742608397000932
-0.18742608397000932
-0.18742608397000932
-0.18742608397000932
-0.18742608397000932
-0.18742608397000932
-0.18742608397000932
-0.18742608397000932
-0.18742608397000932
-0.18742608397000932
-0.18742608397000932
-0.18742608397000932
-0.18742608397000932
-0.18742608397000932
-0.18742608397000932
-0.18742608397000932
-0.18742608397000932
-0.18742608397000932
-0.18742608397000932
-0.18742608397000932
-0.18742608397000932
-0.18742608397000932
-0.18742608397000932
-0.18742608397000932
-0.18742608397000932
-0.18742608397000932
-0.18742608397000932
-0.18742608397000932
-0.18742608397000932
-0.18742608397000932
-0.18742608397000932
-0.18742608397000932
-0.18742608397000932
-0.18742608397000932
-0.18742608397000932
-0.18742608397000932
-0.18742608397000932
-0.18742608397000932
-0.18742608397000932
-0.18742608397000932
-0.18742608397000932
-0.18742608397000932
-0.18742608397000932
-0.18742608397000932
-0.18742608397000932
-0.18742608397000932
-0.18742608397000932
-0.18742608397000932
-0.18742608397000932
-0.18742608397000932
-0.18742608397000932
-0.18742608397000932
-0.18742608397000932
-0.18742608397000932
-0.18742608397000932
-0.18742608397000932
-2.6879530205717255
-1.0592217588975175
-0.5361272391276967
-0.5680746052952598
-0.5785066857742186
-21.27541975265975
-1.0020916496758696
-1.1566869615695665
-21.7322708134614
-0.263626340741329
-0.36950879680399945
-0.3340517802576698
-0.39842691096058036
-0.5666365784785053
-0.3366040070972857
-0.35969308215284057
-0.32663323081587536
-0.3272221699446022
-0.22317715008072464
-0.22004923794765022
-0.2669347714801326
-0.22118907860933643
-0.2039971269761757
-0.2304210053506716
-0.27639695175977214
-0.23515358854855312
-0.2125793558210503
-0.2047713322369208
-0.23483567787649504
-0.2593005695666605
-0.18978448435570477
-0.1944601979488651
-0.2014936120249914
-0.1778629167520124
-0.166739497034123
-0.16761762692480817
-0.18069776741131718
-0.191773103506372
-0.19733315187958947
-0.18442845598226457
-0.19899355349217512
-0.21916911224449817
-0.20382707115852253
-0.18638901764702642
-0.21732659483317637
-0.2109110869359944
-0.29108126507878745
-0.2039188638736881
-0.20793116370634238
-0.2114030304127979
-0.22380852068329646
-0.18154563232262796
-0.1722660349367694
-0.15882496526328588
-0.15900365508582304
-0.1845605966385482
-0.1730846072086189
-0.20041679936589946
-0.17222724945401457
-0.16880237943019685
-0.15214613153609355
-0.15309248676473602
-0.1507464193711381
-0.1538828587880805
-0.14981539715741987
-0.14679575758295918
-0.9956248680048879
-0.15885080095011112
-0.14447155318544236
-1.0487542326343564
-0.17403573424543609
-1.081733603501516
-0.7932141870543594
-0.14264449944847452
-0.1474283740739089
-0.15261610734361752
-0.15655209153801664
-1.2919849114722075
-1.18840635451002
-0.18815966936008494
-0.17756271314552238
-0.18774032565912552
-0.18046163902094015
-0.21241654625247142
-0.20882860364331338
-0.1950666410946855
-0.23256630666449057
-0.26045050847373835
-0.37329790662518797
-0.2681052510686764
-0.6634390473427704
-0.2248190337504265
-0.23414320746040498
-0.20716895869699578
-0.25224020659060087
-0.2216609379177754
-0.2126080218998294
-0.22737967501551193
-1.140732238624145
-10.34396519786761
-0.18029203306546257
-0.18029203306546257
-0.18029203306546257
-0.18029203306546257
-0.18029203306546257
-0.18029203306546257
-0.18029203306546257
-0.18029203306546257
-0.18029203306546257
-0.18029203306546257
-0.18029203306546257
-0.18029203306546257
-0.18029203306546257
-0.18029203306546257
-0.18029203306546257
-0.18029203306546257
-0.18029203306546257
-0.18029203306546257
-0.18029203306546257
-0.18029203306546257
-0.18029203306546257
-0.18029203306546257
-0.18029203306546257
-0.18029203306546257
-0.18029203306546257
-0.18029203306546257
-0.18029203306546257
-0.18029203306546257
-0.18029203306546257
-0.18029203306546257
-0.18029203306546257
-0.18029203306546257
-0.18029203306546257
-0.18029203306546257
-0.18029203306546257
-0.18029203306546257
-0.18029203306546257
-0.18029203306546257
-0.18029203306546257
-0.18029203306546257
-0.18029203306546257
-0.18029203306546257
-0.18029203306546257
-0.18029203306546257
-0.18029203306546257
-0.18029203306546257
-0.18029203306546257
-0.18029203306546257
-0.18029203306546257
-0.18029203306546257
-0.18029203306546257
-0.18029203306546257
-0.18029203306546257
-0.18029203306546257
-0.18029203306546257
-0.18029203306546257
-0.18029203306546257
-0.18029203306546257
-0.18029203306546257
-0.18029203306546257
-0.18029203306546257
-0.18029203306546257
-0.18029203306546257
-0.18029203306546257
-0.18029203306546257
-0.18029203306546257
-0.18029203306546257
-0.18029203306546257
-0.18029203306546257
-0.18029203306546257
-0.18029203306546257
-0.18029203306546257
-0.18029203306546257
-0.18029203306546257
-0.18029203306546257
-0.18029203306546257
-0.18029203306546257
-0.18029203306546257
-0.18029203306546257
-0.18029203306546257
-0.18029203306546257
-0.18029203306546257
-0.18029203306546257
-0.18029203306546257
-0.18029203306546257
-0.18029203306546257
-0.18029203306546257
-0.18029203306546257
-0.18029203306546257
-0.18029203306546257
-0.18029203306546257
-0.18029203306546257
-0.18029203306546257
-0.18029203306546257
-0.18029203306546257
-0.18029203306546257
-0.18029203306546257
-0.18029203306546257
-0.18029203306546257
-0.18029203306546257
-0.20399236519794942
-0.2674251746518219
-0.4276404886925859
-0.2215622866744072
-0.23895143206716918
-0.21519789345051332
-0.21012856661519067
-0.1985133224065074
-0.19723590835172286
-0.1914445341837877
-0.18505172056507202
-0.17662680408720668
-0.18038513305499748
-0.2049326078579483
-0.2070020823715399
-0.20879070436153765
-0.20557061274774274
-0.203436933261063
-0.25408625740278673
-0.21474579502604138
-0.7664715334823066
-0.33230914254125504
-0.2539732997242126
-0.3110613303605742
-0.25638034772527146
-0.3663831081739141
-0.3449980776687887
-0.2735572108614353
-0.2587549213242215
-0.2633964044979185
-0.3225778216191135
-0.6916694118414066
-0.4842972401155777
-0.26211442655524875
-0.23500418802468545
-0.6226752000464248
-0.8193710049536033
-0.29076016142381234
-0.25867439062823977
-0.4023341973141856
-0.19256026774246257
-0.9026708658280009
-0.23169925666123176
-0.25159592222236316
-0.20707035426865136
-0.19911588414059345
-0.20183504937161797
-0.22543424242732785
-0.2457178522345981
-0.21637737523080186
-0.2109920162367494
-0.19842715793946783
-0.1796897834333833
-0.21013016114771688
-0.1858872139330523
-0.19974868945550583
-0.19338702584176176
-0.19702790625561567
-0.36779824835855984
-0.2024125169391687
-0.18541513645826746
-0.31945185431527556
-0.19150423852078124
-0.18136106460220694
-0.1803125244265385
-0.18825166652465428
-0.1885093987909176
-0.1947502798209395
-0.923769083495035
-0.20619978159947086
-0.3056944140594171
-0.2734414435823135
-0.28604860931164444
-0.3890568368696512
-0.436321889933615
-0.2378955011387154
-0.23440715810992221
-0.29111874035958246
-0.2866273712533357
-0.28511838957539937
-3.299768013379278
-0.20951833766775999
-0.22678269374240034
-0.24286498637823692
-0.22397164642585835
-0.22458964924053684
-0.22742386932973285
-0.2918232894748387
-0.2925551353689265
-0.23568204725706868
-0.2425694798316177
-0.2473160208280405
-0.3422982784483516
-0.26057220514913015
-0.23241387013002304
-0.22603600619398206
-0.7777551577746347
-0.19151718223729988
-0.6454026312718654
-0.1751874706925316
-0.1750462481912106
-0.1750462481912106
-0.1750462481912106
-0.1750462481912106
-0.1750462481912106
-0.1750462481912106
-0.1750462481912106
-0.1750462481912106
-0.1750462481912106
-0.1750462481912106
-0.1750462481912106
-0.1750462481912106
-0.1750462481912106
-0.1750462481912106
-0.1750462481912106
-0.1750462481912106
-0.1750462481912106
-0.1750462481912106
-0.1750462481912106
-0.1750462481912106
-0.1750462481912106
-0.1750462481912106
-0.1750462481912106
-0.1750462481912106
-0.1750462481912106
-0.1750462481912106
-0.1750462481912106
-0.1750462481912106
-0.1750462481912106
-0.1750462481912106
-0.1750462481912106
-0.1750462481912106
-0.1750462481912106
-0.1750462481912106
-0.1750462481912106
-0.1750462481912106
-0.1750462481912106
-0.1750462481912106
-0.1750462481912106
-0.1750462481912106
-0.1750462481912106
-0.1750462481912106
-0.1750462481912106
-0.1750462481912106
-0.1750462481912106
-0.1750462481912106
-0.1750462481912106
-0.1750462481912106
-0.1750462481912106
-0.1750462481912106
-0.1750462481912106
-0.1750462481912106
-0.1750462481912106
-0.1750462481912106
-0.1750462481912106
-0.1750462481912106
-0.1750462481912106
-0.1750462481912106
-0.1750462481912106
-0.1750462481912106
-0.1750462481912106
-0.1750462481912106
-0.1750462481912106
-0.1750462481912106
-0.1750462481912106
-0.1750462481912106
-0.1750462481912106
-0.1750462481912106
-0.1750462481912106
-0.1750462481912106
-0.1750462481912106
-0.1750462481912106
-0.1750462481912106
-0.1750462481912106
-0.1750462481912106
-0.1750462481912106
-0.1750462481912106
-0.1750462481912106
-0.1750462481912106
-0.1750462481912106
-0.1750462481912106
-0.1750462481912106
-0.1750462481912106
-0.1750462481912106
-0.1750462481912106
-0.1750462481912106
-0.1750462481912106
-0.1750462481912106
-0.1750462481912106
-0.1750462481912106
-0.1750462481912106
-0.1750462481912106
-0.1750462481912106
-0.1750462481912106
-0.1750462481912106
-0.1750462481912106
-0.1750462481912106
-0.1750462481912106
-0.1750462481912106
-0.1750462481912106
-0.17462001237954564
-0.1735151940877842
-0.17187722643899728
-0.17582109577830607
-0.16549175297839594
-0.1585583076255351
-0.1627935673975651
-0.16728646426852395
-0.17431109339657372
-0.19280187375626734
-0.18438621415726783
-0.2089126836481572
-0.18625907100867423
-0.17319006679922938
-0.17081413956761238
-0.18437088697154497
-0.207807410094083
-0.19327208782430969
-0.19374192253878328
-0.2089971431805925
-0.18366186294669098
-0.18637313843908185
-1.1554324631769484
-0.5992424791139487
-0.19932124179566643
-0.18668505863740226
-0.18956870123930425
-0.21601648105365198
-0.24689210238160997
-0.20040352022768848
-0.20577088431231486
-0.20486122869533824
-0.2759964934841472
-0.2215404676424292
-0.22532895799063674
-0.23327507839749437
-0.23896072214869563
-0.28857627023326715
-0.2600612574713902
-0.21040106946190612
-0.21157064970251338
-0.2437165371915686
-0.22348514797705676
-0.23514353290993417
-0.2770320033585754
-0.3407269840112104
-0.3609977971994337
-0.33125171811941806
-0.2152386559170802
-0.26142106022307876
-0.2687373902652867
-0.2611817681197318
-0.23201392026275466
-0.284464984932325
-0.2662050597787974
-0.262702644487877
-0.2754255484229415
-0.2582663395263165
-0.24117252819446774
-0.28203823460549593
-0.25843234192031495
-0.22481318114493404
-0.26081933628012555
-0.28217118953471204
-0.4299437455560804
-0.20755387846978718
-0.2048001258384804
-0.2147751294779164
-0.1978411023723557
-0.17464260022271338
-0.1689989560169448
-0.1883994241580738
-0.1817319327254151
-0.17865610364796533
-0.16961232407980095
-0.16350507516922727
-1.6469662207645754
-0.17508013500698166
-0.1919996987043966
-0.18271197619038962
-0.7437535975054845
-0.2931361083800478
-0.2268399598455625
-1.4908441393662821
-0.21030927181519393
-0.23464397301153078
-0.2171338482538581
-0.19504121776784916
-0.16675393786993664
-0.1649982774135125
-0.19337620196813637
-0.20018681700651828
-0.19325722686578622
-0.18304386908176534
-0.21394462845979914
-0.24984652094196586
-0.2803814193150049
-0.23395730868330405
-0.2610086184908311
-0.23676690333338654
-0.19878293506786743
-0.19878293506786743
-0.19878293506786743
-0.19878293506786743
-0.19878293506786743
-0.19878293506786743
-0.19878293506786743
-0.19878293506786743
-0.19878293506786743
-0.19878293506786743
-0.19878293506786743
-0.19878293506786743
-0.19878293506786743
-0.19878293506786743
-0.19878293506786743
-0.19878293506786743
-0.19878293506786743
-0.19878293506786743
-0.19878293506786743
-0.19878293506786743
-0.19878293506786743
-0.19878293506786743
-0.19878293506786743
-0.19878293506786743
-0.19878293506786743
-0.19878293506786743
-0.19878293506786743
-0.19878293506786743
-0.19878293506786743
-0.19878293506786743
-0.19878293506786743
-0.19878293506786743
-0.19878293506786743
-0.19878293506786743
-0.19878293506786743
-0.19878293506786743
-0.19878293506786743
-0.19878293506786743
-0.19878293506786743
-0.19878293506786743
-0.19878293506786743
-0.19878293506786743
-0.19878293506786743
-0.19878293506786743
-0.19878293506786743
-0.19878293506786743
-0.19878293506786743
-0.19878293506786743
-0.19878293506786743
-0.19878293506786743
-0.19878293506786743
-0.19878293506786743
-0.19878293506786743
-0.19878293506786743
-0.19878293506786743
-0.19878293506786743
-0.19878293506786743
-0.19878293506786743
-0.19878293506786743
-0.19878293506786743
-0.19878293506786743
-0.19878293506786743
-0.19878293506786743
-0.19878293506786743
-0.19878293506786743
-0.19878293506786743
-0.19878293506786743
-11.443042000237151
-7.769983129123108
-6.195734897837344
-2.1820384389639123
-1.2593975539622497
-29.68366455679093
-25.289702069116885
-0.6338066405588751
-0.565338998139012
-3.1496810354107376
-63.34594680812413
-84.4816587034329
-96.12598793600145
-92.77139271724857
-58.675680787428
-42.93695948570698
-34.654636368932096
-18.156794817084034
-1.685158176600344
-67.20323773477983
-124.4208265358654
-112.08665495248782
-106.85241786762116
-88.90144570417151
-63.208051931560824
-37.1686111332932
-16.422703525600323
-39.23856646152842
-19.839796466471473
-41.9058118219704
-13.573199033536365
-9.734022872700518
-42.041673890121174
-69.30362346678471
-46.28241014972603
-0.6632449956989653
-2.5470039567759106
-63.27854052458792
-46.547825782402036
-24.31240186967213
-1.9734433640957074
-4.759247533301108
-4.718598903773566
-9.387963283653384
-5.298890741793659
-55.30724972613264
-98.55937612036318
-104.1728118883251
-116.91275607290015
-117.30470674339841
-114.47784599429833
-73.50154974405018
-32.2493678450282
-0.8984300695615333
-9.56073400177661
-14.554639068506232
-27.950991766364858
-42.89767216135838
-48.30076060547169
-2.9970695173785056
-58.760705159311854
-66.04683205576073
-40.296589817653214
-40.43300226751614
-37.089468696959806
-24.104401062299427
-18.100547489035037
-0.501723090782779
-0.9163198202355053
-23.101841435344877
-32.46202354881104
-62.318004756861214
-69.89306013217369
-77.74809981594677
-41.60059119047289
-28.37885360795113
-34.97430931371289
-27.00717505002757
-9.213492474763235
-24.957841103156454
-10.497401669367505
-27.26061740018673
-48.29977019562224
-18.83368658975973
-0.5612960213040596
-1.0613077361683965
-0.7529100340809919
-9.771864126800743
-24.384833241285182
-29.737681776491034
-30.84607425313741
-36.20411718459836
-28.756414191898436
-12.83892373630252
-4.420001588065689
-8.11298311613833
-0.2810037008427729
-0.5566479105820454
-4.008184843723459
-45.53319659701231
-5.102160307424738
-5.102160307424738
-5.102160307424738
-5.102160307424738
-5.102160307424738
-5.102160307424738
-5.102160307424738
-5.102160307424738
-5.102160307424738
-5.102160307424738
-5.102160307424738
-5.102160307424738
-5.102160307424738
-5.102160307424738
-5.102160307424738
-5.102160307424738
-5.102160307424738
-5.102160307424738
-5.102160307424738
-5.102160307424738
-86.71523361919857
-39.93320175538978
-54.911654446040615
-20.885926478203807
-62.48723081308574
-101.24853393037242
-91.47631121589805
-112.89113685488259
-124.06397439268672
-118.36375153232552
-63.98210766464249
-39.67396253370842
-61.52435620415497
-77.59824210896136
-46.24409972303692
-64.95470525024942
-80.77875935972634
-64.27706061978705
-92.37667261521783
-105.71035263710395
-118.17895841484373
-123.41200618728807
-86.0768456440435
-89.22495095662123
-42.446923745372274
-56.62800004296693
-13.412089932608955
-27.84816643376653
-58.12641666866708
-6.695684092353426
-7.901922069455542
-13.411717337367701
-1.8241519499342767
-1.1919629455821077
-12.576443188027103
-15.841180688150336
-7.63798766843099
-33.01253885036704
-22.638214575784307
-16.67873387900434
-32.84769991007255
-75.43297319915185
-18.730705193539418
-46.79792987756865
-90.0978263150887
-74.77830820596036
-76.28973518673935
-110.54094799423048
-123.22529504166056
-103.39324433446137
-122.0401042826459
-86.76282257720544
-122.01831111034257
-118.57503028617892
-100.51302161526199
-116.0266703636711
-71.6444387424795
-105.88615933809216
-99.48118486445436
-54.68640852040073
-109.0046488854119
-63.947380300650494
-59.35200211697809
-55.59622098561419
-21.595633559428904
-10.038451161110874
-9.759027393311339
-25.875209415897988
-21.833054618275177
-50.751494192789174
-17.406072150771504
-11.337472545973915
-4.125226854278936
-4.899254808172913
-40.27093206939586
-1.9833646307597617
-16.573223620035723
-32.86975965426189
-36.669468565210565
-50.35396587715736
-44.858388984462216
-72.446854015197
-67.92009971984662
-17.2313813419084
-26.162700619774885
-13.876337036552783
-6.171209207074641
-6.858112802999394
-10.335574203188092
-11.882714085721798
-27.50690948940603
-87.78438512299785
-110.42232370234223
-93.87724968156232
-79.0244948892586
-87.4680271256193
-29.98194794775089
-38.79557090975861
-32.022025991378335
-38.77106322308817
-5.102160307424738
-5.102160307424738
-5.102160307424738
-5.102160307424738
-5.102160307424738
-5.102160307424738
-5.102160307424738
-5.102160307424738
-5.102160307424738
-5.102160307424738
-5.102160307424738
-5.102160307424738
-5.102160307424738
-5.102160307424738
-5.102160307424738
-5.102160307424738
-5.102160307424738
-5.102160307424738
-5.102160307424738
-5.102160307424738
-36.39890383356142
-11.560880805536444
-3.7776894266314915
-23.8344729421887
-29.31332697809222
-35.202448224494404
-70.78000709217596
-8.971467679575364
-1.2312148263204616
-16.096812529380028
-39.423645198003776
-19.627839738125488
-18.46322700040155
-1.4476817211004254
-12.837394235741513
-15.246848156406314
-22.947717228343976
-5.0969728665784855
-4.649672771252652
-3.247427555295221
-3.4814990342497207
-4.843700437146925
-26.620914085503546
-8.8162201825613
-6.045027091958464
-7.432845357518017
-33.16167319564119
-6.864781349481295
-2.7002838355971615
-29.084886743651364
-58.582519124877344
-41.25087250646253
-1.9718673052416
-3.5640208555234767
-0.8195747848839068
-0.9651700726203372
-1.9091776078343468
-0.6451836182813226
-0.39126533631703625
-0.8975515037922371
-3.588274778053924
-0.6777545106060971
-0.5472257250479701
-0.6443397750120338
-0.7123101766028546
-18.092225860982886
-4.22414034578306
-31.64927487654702
-28.912838225633735
-19.88057131422466
-45.754836631033996
-48.55641687543581
-36.07264452819457
-34.8697442070464
-46.60487384964801
-25.280485383693375
-9.59814349967798
-5.769708942302207
-1.114411682934765
-5.25938981692133
-5.2993822989988475
-8.000066504584934
-17.20679776630071
-12.091849650227193
-19.338727101279478
-18.03895417206205
-7.857901034607209
-7.721583284263955
-5.536042171221073
-24.7987951539905
-37.93289001079634
-72.15640747517445
-94.11401757511362
-113.04675515289864
-133.59942600446553
-126.264457612921
-127.73263797929552
-80.64895902435576
-72.9693154019553
-50.62506003495905
-14.032013136880304
-13.265867198853138
-58.73344507026865
-70.40400975330454
-77.20348360611533
-67.18695480941048
-49.2460315374092
-31.26741046633844
-12.619523202308573
-3.8338028873400085
-63.72746027529554
-3.713454612128912
-43.55116049657402
-15.838374607555025
-24.91082265269721
-36.415259799623435
-61.26803490235742
-20.29720736070088
-49.073719867819634
-75.34323305138012
-5.102160307424738
-5.102160307424738
-5.102160307424738
-5.102160307424738
-5.102160307424738
-5.102160307424738
-5.102160307424738
-5.102160307424738
-5.102160307424738
-5.102160307424738
-5.102160307424738
-5.102160307424738
-5.102160307424738
-5.102160307424738
-5.102160307424738
-5.102160307424738
-5.102160307424738
-5.102160307424738
-5.102160307424738
-5.102160307424738
-38.805674516332076
-3.027825644534189
-44.39271466483587
-2.190438704100937
-1.5994013069039714
-18.572105667056647
-12.699458805580196
-53.157496145469835
-30.254710455857
-9.457911211183418
-78.32470094297979
-66.22001079861326
-54.751394722840125
-61.33177118462653
-17.118747168826676
-22.689948847382116
-5.476340451090472
-14.863049055543803
-0.7453560013548604
-1.2476348473388548
-1.481383835807947
-0.5881167154457981
-0.2237788902044155
-4.303679469645602
-0.3787877332802416
-0.28081942320101044
-0.65967991113989
-4.412014609819596
-0.48556749659729265
-0.19464777917107468
-0.24562419546702643
-0.21634604272349028
-0.5438724394102946
-0.24313271240887385
-0.21714348063921673
-29.459919354133447
-24.29773280252773
-26.732500624013067
-34.57918689419265
-5.177935477612302
-4.069385378993082
-0.4656164489212264
-1.4734760714251356
-3.583887745435104
-1.8645105805346072
-0.9135920854259437
-1.6425923912272193
-1.4874676529943958
-1.3155141335826328
-0.25391176143308175
-0.26110979667762957
-0.2749028970333031
-0.3258012946528847
-0.2374159816220201
-0.2359976947089923
-0.26179258333422095
-0.2554530820314981
-0.32023388344289955
-0.5003965455555544
-0.29966001928869235
-0.24054328319082305
-0.2895446435481473
-0.24810675259713438
-0.26252304273554194
-0.276690049790735
-0.3263296044183956
-0.3233849236762436
-0.33891749561290374
-2.8577129471155764
-11.486175244533195
-0.294184044461759
-0.2955465016859123
-0.3789695534775471
-0.29185222022955487
-0.41038580807750397
-0.315427891905502
-0.28448052216605696
-0.41111705393521086
-0.3186451715324389
-0.28345237241077353
-0.29398720344450135
-0.39563029291169605
-1.074052736589065
-13.366864784487138
-38.45749358437144
-0.9493804818189736
-7.847129108304278
-20.665211952062624
-12.989555882943158
-48.5559475272062
-18.127151020375656
-0.3215955411455894
-0.2930325567140096
-0.2522241558175652
-0.7851205741429258
-0.5156541916804068
-0.15913755947366992
-0.23088710422948783
-0.43849725541710677
-0.17379341432573386
-0.3213705672250227
-0.3213705672250227
-0.3213705672250227
-0.3213705672250227
-0.3213705672250227
-0.3213705672250227
-0.3213705672250227
-0.3213705672250227
-0.3213705672250227
-0.3213705672250227
-0.3213705672250227
-0.3213705672250227
-0.3213705672250227
-0.3213705672250227
-0.3213705672250227
-0.3213705672250227
-0.3213705672250227
-0.3213705672250227
-0.3213705672250227
-0.3213705672250227
-0.3213705672250227
-0.3213705672250227
-0.3213705672250227
-0.3213705672250227
-0.3213705672250227
-0.3213705672250227
-0.3213705672250227
-0.3213705672250227
-0.3213705672250227
-0.3213705672250227
-0.3213705672250227
-0.3213705672250227
-0.3213705672250227
-0.3213705672250227
-0.3213705672250227
-0.3213705672250227
-0.3213705672250227
-0.3213705672250227
-0.3213705672250227
-0.3213705672250227
-0.3213705672250227
-0.3213705672250227
-0.3213705672250227
-0.3213705672250227
-0.3213705672250227
-0.3213705672250227
-0.3213705672250227
-0.3213705672250227
-0.3213705672250227
-0.3213705672250227
-0.3213705672250227
-0.3213705672250227
-0.3213705672250227
-0.3213705672250227
-0.3213705672250227
-0.3213705672250227
-0.3213705672250227
-0.3213705672250227
-0.3213705672250227
-0.3213705672250227
-0.3213705672250227
-0.3213705672250227
-0.3213705672250227
-0.3213705672250227
-0.3213705672250227
-0.3213705672250227
-0.3213705672250227
-0.3213705672250227
-0.3213705672250227
-0.3213705672250227
-0.3213705672250227
-0.3213705672250227
-0.3213705672250227
-0.3213705672250227
-0.3213705672250227
-0.3213705672250227
-0.3213705672250227
-0.3213705672250227
-0.3213705672250227
-0.3213705672250227
-0.3213705672250227
-0.3213705672250227
-0.3213705672250227
-0.3213705672250227
-0.3213705672250227
-0.3213705672250227
-0.3213705672250227
-0.3213705672250227
-0.3213705672250227
-0.3213705672250227
-0.3213705672250227
-0.3213705672250227
-0.3213705672250227
-0.3213705672250227
-0.3213705672250227
-0.3213705672250227
-0.3213705672250227
-0.3213705672250227
-0.3213705672250227
-0.3213705672250227
-0.20370313205208881
-0.20368327806549832
-0.21832134604848083
-0.23870216529600147
-0.20779665300153904
-0.20074037331046782
-0.22148056486465273
-1.4434891553864346
-0.22779133610800176
-0.22204786839077342
-0.2172411815299259
-8.14090560102234
-0.19141268126732247
-0.2437827604842173
-0.23491921679088687
-0.19581757126729638
-0.33023723029176694
-0.1950508253058834
-0.18801628476884724
-0.47779690525870533
-0.20104375771309646
-1.6879144165729558
-13.277648039625204
-0.778544590389196
-1.0807910332366777
-27.33802320529942
-0.6429309736883827
-0.45029014485655594
-0.2653314551198585
-0.49343750521296204
-0.30200165502840404
-50.33731373366034
-1.3609864524448259
-15.211554592449056
-0.22747895564281
-0.3188566088396575
-1.674477373809702
-1.0758125112266756
-0.1569272185988825
-0.3039401575146683
-0.1677747035081985
-0.16280266547476316
-0.16678304057103605
-0.18057986061025433
-0.1656449751943449
-0.7448157112665161
-12.567909571368151
-57.073387604303164
-0.2855391681791697
-39.9740683222143
-26.388133363643163
-1.0877029634640318
-28.234721444004528
-0.37235750994942396
-0.18586229830735654
-0.1881655148719818
-0.31204030461198934
-1.5664086335318335
-0.3044898001989592
-4.359070472296978
-12.51713459227091
-0.7774600828460269
-0.5182070869914608
-40.743948265122285
-0.163631090863227
-0.2013181015824645
-0.163216330622588
-0.15873183760145138
-0.18108158953289666
-10.15803421704976
-0.19716778675840557
-0.16556094696288995
-0.15693733527417714
-0.1695403578667693
-0.15152016916264274
-0.15489761490133108
-0.15685902792322726
-0.1603586732953388
-0.166652336390325
-0.1577270532278918
-0.17380079365199166
-0.17639245327828476
-0.1563151664241083
-0.16281082535539332
-0.18691543138190733
-0.1776298119948621
-0.17545044419854205
-0.18908837734185396
-0.23196995570790596
-0.21415750303066278
-0.19824441695457554
-0.260992615735816
-0.16093463176062608
-0.16869608606109854
-0.15645046748568203
-0.16349770470707287
-0.1808448834028613
-74.87997730760836
-0.15848641348702897
-0.18424646330858377
-0.1693308690895216
-0.1693308690895216
-0.1693308690895216
-0.1693308690895216
-0.1693308690895216
-0.1693308690895216
-0.1693308690895216
-0.1693308690895216
-0.1693308690895216
-0.1693308690895216
-0.1693308690895216
-0.1693308690895216
-0.1693308690895216
-0.1693308690895216
-0.1693308690895216
-0.1693308690895216
-0.1693308690895216
-0.1693308690895216
-0.1693308690895216
-0.1693308690895216
-0.1693308690895216
-0.1693308690895216
-0.1693308690895216
-0.1693308690895216
-0.1693308690895216
-0.1693308690895216
-0.1693308690895216
-0.1693308690895216
-0.1693308690895216
-0.1693308690895216
-0.1693308690895216
-0.1693308690895216
-0.1693308690895216
-0.1693308690895216
-0.1693308690895216
-0.1693308690895216
-0.1693308690895216
-0.1693308690895216
-0.1693308690895216
-0.1693308690895216
-0.1693308690895216
-0.1693308690895216
-0.1693308690895216
-0.1693308690895216
-0.1693308690895216
-0.1693308690895216
-0.1693308690895216
-0.1693308690895216
-0.1693308690895216
-0.1693308690895216
-0.1693308690895216
-0.1693308690895216
-0.1693308690895216
-0.1693308690895216
-0.1693308690895216
-0.1693308690895216
-0.1693308690895216
-0.1693308690895216
-0.1693308690895216
-0.1693308690895216
-0.1693308690895216
-0.1693308690895216
-0.1693308690895216
-0.1693308690895216
-0.1693308690895216
-0.1693308690895216
-0.1693308690895216
-0.1693308690895216
-0.1693308690895216
-0.1693308690895216
-0.1693308690895216
-0.1693308690895216
-0.1693308690895216
-0.1693308690895216
-0.1693308690895216
-0.1693308690895216
-0.1693308690895216
-0.1693308690895216
-0.1693308690895216
-0.1693308690895216
-0.1693308690895216
-0.1693308690895216
-0.1693308690895216
-0.1693308690895216
-0.1693308690895216
-0.1693308690895216
-0.1693308690895216
-0.1693308690895216
-0.1693308690895216
-0.1693308690895216
-0.1693308690895216
-0.1693308690895216
-0.1693308690895216
-0.1693308690895216
-0.1693308690895216
-0.1693308690895216
-0.1693308690895216
-0.1693308690895216
-0.1693308690895216
-0.1693308690895216
-0.2101227995707793
-0.21401435426009546
-0.19222444864311128
-0.18989603558255627
-0.1682691972822185
-0.3308234528041879
-0.20305639547883342
-0.32016838003295783
-0.1493489198981569
-0.1600762445242177
-0.16622684679804844
-0.20395419111023855
-34.88554463007758
-0.45495624528586365
-24.387446630700456
-46.64777471643097
-9.622928522199574
-33.93249786470983
-0.19703085893399713
-0.1995187802835847
-0.21182755686724197
-0.2526052188166005
-0.22960372392884967
-11.797135332183393
-0.26409215941082126
-0.2621857252707558
-0.31955477443071
-14.152844294693134
-0.3535750245702537
-0.21406300284451085
-0.2986553527694523
-0.30962980230637593
-0.22280247584354074
-0.2676783118121562
-0.21787768851453268
-0.19749588296903287
-27.92876722894196
-0.18409305292922074
-0.1864035387692676
-1.096239469732589
-0.1850907058846579
-0.19101128070624762
-0.16602933621945803
-0.1982081498571456
-0.16630806459747263
-0.25494218366130256
-0.1577636907725879
-0.1940429920309995
-0.16426183914839634
-0.1611311708502746
-0.15636476940863495
-0.23367536804548927
-0.16168360408052274
-4.67100681263524
-0.16013467796334463
-0.16731114773518554
-0.18492632958583416
-0.17103187887250934
-0.18342392518345083
-0.16728798083045182
-0.16171400588796436
-0.2008975059967072
-0.5594116252126085
-0.2536344684943578
-0.3504293890733271
-0.3539395394538891
-0.19666924318075746
-0.22604646574994458
-0.17139995304433753
-40.13606604597161
-0.1891907690208032
-0.19128975671729023
-0.20129887549608325
-4.602078938953178
-2.120066233516522
-2.056840038061549
-0.4471539231577396
-0.2862875923804835
-0.5605939580179451
-20.805297085795594
-40.251456891767994
-21.16626368412753
-54.74635477010303
-43.686378316498
-16.37492216946621
-1.1235549373488454
-2.031533369983957
-0.19309420738016417
-0.15403149687051632
-0.15328676601149238
-0.15243074330356188
-0.15601015802626617
-0.14882731319657008
-0.14627125460950752
-0.15479867138029874
-0.154562360051515
-0.14503947898064545
-0.15627731085298585
-0.15551838133707166
-0.14954517771425113
-0.1480995206659581
-0.1480995206659581
-0.1480995206659581
-0.1480995206659581
-0.1480995206659581
-0.1480995206659581
-0.1480995206659581
-0.1480995206659581
-0.1480995206659581
-0.1480995206659581
-0.1480995206659581
-0.1480995206659581
-0.1480995206659581
-0.1480995206659581
-0.1480995206659581
-0.1480995206659581
-0.1480995206659581
-0.1480995206659581
-0.1480995206659581
-0.1480995206659581
-0.1480995206659581
-0.1480995206659581
-0.1480995206659581
-0.1480995206659581
-0.1480995206659581
-0.1480995206659581
-0.1480995206659581
-0.1480995206659581
-0.1480995206659581
-0.1480995206659581
-0.1480995206659581
-0.1480995206659581
-0.1480995206659581
-0.1480995206659581
-0.1480995206659581
-0.1480995206659581
-0.1480995206659581
-0.1480995206659581
-0.1480995206659581
-0.1480995206659581
-0.1480995206659581
-0.1480995206659581
-0.1480995206659581
-0.1480995206659581
-0.1480995206659581
-0.1480995206659581
-0.1480995206659581
-0.1480995206659581
-0.1480995206659581
-0.1480995206659581
-0.1480995206659581
-0.1480995206659581
-0.1480995206659581
-0.1480995206659581
-0.1480995206659581
-0.1480995206659581
-0.1480995206659581
-0.1480995206659581
-0.1480995206659581
-0.1480995206659581
-0.1480995206659581
-0.1480995206659581
-0.1480995206659581
-0.1480995206659581
-0.1480995206659581
-0.1480995206659581
-0.1480995206659581
-0.1480995206659581
-0.1480995206659581
-0.1480995206659581
-0.1480995206659581
-0.1480995206659581
-0.1480995206659581
-0.1480995206659581
-0.1480995206659581
-0.1480995206659581
-0.1480995206659581
-0.1480995206659581
-0.1480995206659581
-0.1480995206659581
-0.1480995206659581
-0.1480995206659581
-0.1480995206659581
-0.1480995206659581
-0.1480995206659581
-0.1480995206659581
-0.1480995206659581
-0.1480995206659581
-0.1480995206659581
-0.1480995206659581
-0.1480995206659581
-0.1480995206659581
-0.1480995206659581
-0.1480995206659581
-0.1480995206659581
-0.1480995206659581
-0.1480995206659581
-0.1480995206659581
-0.1480995206659581
-0.1480995206659581
-0.19116332036582592
-0.1642127713879267
-0.17920519126171913
-0.14462994748636154
-0.14346438325247474
-0.14434779739195175
-0.14714693692613826
-0.14560392092029212
-0.14181059940575425
-0.14230782150394397
-0.14265527122628457
-0.15160753780388303
-0.15153713855869455
-0.14442966525471673
-0.152781529913955
-0.3556242798099404
-0.1554088137262776
-0.2451864094765029
-0.15593671598451395
-0.17989274158713597
-0.2159903494874841
-0.16034931671591868
-0.15163426723544582
-0.14711870124775667
-0.1448336195743692
-0.14811596050365705
-0.14680734846013876
-0.14599155399485977
-0.17500065700625556
-0.14646795517726588
-0.1624214885295121
-0.17481289945302092
-0.2135041414271734
-0.14872412324981915
-0.16750252776078248
-0.8217942152675223
-0.15121214223524845
-0.15532420278624695
-0.152420379169148
-0.164840948338784
-0.1674934099530959
-0.16952330393964604
-0.1662975771654098
-0.1742665069195829
-0.5815230604532058
-0.2391445397931051
-2.0617363658078234
-0.9444629133722617
-0.2362686393220559
-0.5606904897259273
-0.7797144598746509
-0.18432142005363825
-0.17149753664792472
-0.16704445434567033
-0.17269510323894702
-0.15985026360420876
-0.16336418836669078
-0.15366647123897229
-0.15499357374693806
-0.1569088418292345
-0.15703872216584033
-0.16055477199618
-0.16278025610631502
-0.19729722330534372
-0.39214399363572555
-0.16421356885887403
-0.1834442944941803
-0.2239144820358418
-0.22452365234818225
-0.23172343381473584
-0.3260596941072816
-0.24010741416157982
-0.22660343131255178
-0.22223231668437354
-0.402893918201884
-65.29850661423467
-0.45476193288811206
-0.3263214490338883
-0.21051974537673437
-0.17849689406806823
-0.16503053009516688
-0.2936195267031692
-0.1619475225308783
-0.15965668570296535
-0.15307236852951278
-0.15055595123465298
-0.1531126336052176
-0.20403001453394293
-0.24797812008079279
-0.31445671230066286
-0.24099039465809513
-0.2022110324471519
-0.2078272526780578
-0.18812305026436305
-0.20172192595601096
-0.20384499672133846
-0.22183124868759285
-4.458000698453524
-1.3021656190323063
-0.8679680923177704
-0.1602766920525409
-0.1602766920525409
-0.1602766920525409
-0.1602766920525409
-0.1602766920525409
-0.1602766920525409
-0.1602766920525409
-0.1602766920525409
-0.1602766920525409
-0.1602766920525409
-0.1602766920525409
-0.1602766920525409
-0.1602766920525409
-0.1602766920525409
-0.1602766920525409
-0.1602766920525409
-0.1602766920525409
-0.1602766920525409
-0.1602766920525409
-0.1602766920525409
-0.1602766920525409
-0.1602766920525409
-0.1602766920525409
-0.1602766920525409
-0.1602766920525409
-0.1602766920525409
-0.1602766920525409
-0.1602766920525409
-0.1602766920525409
-0.1602766920525409
-0.1602766920525409
-0.1602766920525409
-0.1602766920525409
-0.1602766920525409
-0.1602766920525409
-0.1602766920525409
-0.1602766920525409
-0.1602766920525409
-0.1602766920525409
-0.1602766920525409
-0.1602766920525409
-0.1602766920525409
-0.1602766920525409
-0.1602766920525409
-0.1602766920525409
-0.1602766920525409
-0.1602766920525409
-0.1602766920525409
-0.1602766920525409
-0.1602766920525409
-0.1602766920525409
-0.1602766920525409
-0.1602766920525409
-0.1602766920525409
-0.1602766920525409
-0.1602766920525409
-0.1602766920525409
-0.1602766920525409
-0.1602766920525409
-0.1602766920525409
-0.1602766920525409
-0.1602766920525409
-0.1602766920525409
-0.1602766920525409
-0.1602766920525409
-0.1602766920525409
-0.1602766920525409
-0.1602766920525409
-0.1602766920525409
-0.1602766920525409
-0.1602766920525409
-0.1602766920525409
-0.1602766920525409
