-0.09501615797758306
0.041210098606929535
-0.08519650486990671
-0.012608587272891159
0.014688382969951091
-0.478057845548481
-0.45939161795792777
0.008250984460395044
0.08430365703698986
-0.37535111856119124
-0.1412126584071942
-0.002285640234523101
-0.01005115909164564
-0.14875162500930916
0.014439295228142857
-0.01519410245876407
-0.07468541152583613
-0.09129218843197723
0.045142365510531024
-0.09540025565941668
-0.229085305465898
-0.09231066152570205
-0.1005228692964859
-0.06128328637024244
-0.10396297688884182
-0.15703539838863861
-0.3178410384600317
-0.33055563155585915
-0.28645278213378716
-0.6245657585864306
-0.21927831190666092
-0.18738052824359747
-0.4305490099744225
-0.8049308563090922
-0.18173776310384931
26.149906813218774
-0.220554503897122
-0.2484942845394833
-0.24918466696183295
-0.15932719548863045
-0.03645443876109397
-0.10966770322451813
-0.17625461081246824
-0.19601849345665467
-0.44889552862749554
-0.7870041598073212
-0.9282725632487259
-0.9401415528367867
-1.2380142815896484
-1.2071448172633878
-1.0993121133119417
-0.47028583640454685
-0.014532344691511268
0.042454438333938554
0.028316758311511342
-0.05641119008712653
-0.33534639142677786
-0.31757839828189155
-0.31477064887219647
0.00392515586430639
-0.7082455000812782
-0.6646162084306889
-0.5876117618485768
-0.4143514617929673
-0.5982914382118856
-0.27506562576926047
-0.14561802880729666
0.04907130451669073
-0.5240729513951243
-0.6764541374205906
-0.5798383177764218
-0.5600032997608596
-0.5088395751913299
-0.5611093440360204
-0.16274121702330913
-0.5456646358936811
-0.49490975347357297
-0.5593508153117763
-0.5020842951088802
-0.8144288625719108
-0.5233350344335593
-0.07519334419715024
-0.2570726623370939
-0.1637280003117086
10.156182310437378
0.1173634326246883
0.0910323940402847
-0.28404142818392764
-0.45364587782672544
-0.6220152797253223
-0.4893983137893965
-0.48556436912451456
-0.4642827610634685
-0.048047322146267085
0.05983541619597946
0.049625627577127296
25.56479255884338
0.10355540844652633
-0.1017846217949756
-0.7827678450131064
0.012117628447340212
0.012117628447340212
0.012117628447340212
0.012117628447340212
0.012117628447340212
0.012117628447340212
0.012117628447340212
0.012117628447340212
0.012117628447340212
0.012117628447340212
0.012117628447340212
0.012117628447340212
0.012117628447340212
0.012117628447340212
0.012117628447340212
0.012117628447340212
0.012117628447340212
0.012117628447340212
0.012117628447340212
0.012117628447340212
-0.8066422400707258
-0.4402743716098155
-0.6197368835242261
-0.7704841200961788
-0.6437557301634318
-0.7157701920138632
-0.9302241543643859
-0.8291536760212307
-0.6258381081253459
-0.7006477893431114
-0.5973993948028411
-0.8271423678326972
-0.46663242977150726
-0.46079111079050056
-0.5937672540551348
-0.5947942403496469
-0.26580276688465443
-0.1691344897629789
-0.1788537207117969
-0.22377642429221845
-0.12420025674479407
-0.09678381169132871
-0.16279902310123373
-0.25185531838538155
-0.2711378623702081
-0.14152032530714104
-0.13136072775035196
-0.10392309606000316
-0.05767704970997284
-0.2833620024010651
-0.34443803455244565
-0.20898445407069205
-0.10631353059412729
-0.250709970925057
-0.42073738249316656
-0.5551153825088841
-0.497283629192346
-0.20893295296516168
-0.5182576355795633
-0.5520319863292852
-0.6863985124645455
-0.8623929152735355
-0.48838145585468434
-1.0580713114938793
-1.2394075153991757
-1.0378680048496765
-1.0465584179105245
-1.241430410911087
-1.164019356602692
-1.1797965674553965
-1.1957276589612917
-1.1963727532871182
-1.1133764075772015
-0.8899894926006878
-1.0577504274488543
-0.9602059925459009
-0.9002693203542457
-1.0287600191248985
-1.147132042567778
-0.9656051969593351
-1.2332933087915041
-1.088129150222559
-0.9971262154501527
-0.7248982066303478
-0.5429577332341443
-0.46446516960995343
-0.5052410623841684
-0.7456553436085646
-0.6670375142581056
-0.4493035156429581
-0.5763936072797297
-0.49647942790953964
-0.3434588292973139
-0.39384304075094406
-0.14122547314756317
-0.12796445853213828
-0.2204734422644954
-0.6085283248776875
-0.8897957284528143
-0.6891891901723982
-0.7205631343045827
-0.8847653313292448
-0.874760100942434
-0.46567831786820896
-0.5872623427630921
-0.2937775055994755
-0.4634885135891215
-0.6484331383112195
-0.7638842964912983
-0.6939331507830242
-0.8000729762485844
-0.7092954470318887
-0.5444855169588391
-0.508855683173659
-0.4766776291357715
-0.42955194314537076
-0.45551606831215025
-0.5359017813446412
-0.6344561645508298
-0.678761451585438
0.012117628447340212
0.012117628447340212
0.012117628447340212
0.012117628447340212
0.012117628447340212
0.012117628447340212
0.012117628447340212
0.012117628447340212
0.012117628447340212
0.012117628447340212
0.012117628447340212
0.012117628447340212
0.012117628447340212
0.012117628447340212
0.012117628447340212
0.012117628447340212
0.012117628447340212
0.012117628447340212
0.012117628447340212
0.012117628447340212
-0.5264829344352658
-0.450295537232596
-0.45041279187056454
-0.6702188504689618
-0.5894589520500905
-0.05803159361695992
-0.1411610021827846
-0.03191030716621024
-0.026143450434487653
-0.27211231043311845
-0.25177674404591954
-0.21845648192065636
-0.19125534533644567
-0.08873980026900125
0.06087993529867758
0.06628805790372491
-0.09790600596398125
0.0190119405227063
-0.003199973726648514
-0.029095690809086583
-0.1501429200350946
-0.18552543260379223
-0.052762103708708624
-0.173180415194572
-0.13632685655630555
-0.5247386753243523
-0.7549058917045836
-0.6716601728326221
-0.5606406407639041
-0.5583083428328799
-0.1703898157094254
-0.12748580172436758
0.08834027650936772
-2.942740339109684e-05
26.152486127099007
28.155396982264016
0.0628688856276837
0.1332641792614374
31.15510492698275
25.173249538915957
0.1042537072056841
26.154650156180406
29.153008937353896
0.11935249329247398
0.04274509933720516
-0.2441742935107883
-0.1815703131103129
-0.4918505220074329
-0.607502503872774
-0.6584872661756774
-0.6695690274785286
-0.7161436674064763
-0.7110478515445829
-0.7986942434958321
-0.8861443304156205
-0.6686518374294791
-0.39395140499391385
-0.09542167678982116
-0.02837842594924561
-0.2052552667580716
-0.26741252670533827
-0.2821511723791429
-0.7643508705667544
-0.7415836777939881
-0.7686955122908972
-0.6658076102432974
-0.6036161890503448
-0.6529185019816901
-0.7339718882376671
-0.783267971735197
-0.9261751064993005
-0.7307326132932738
-0.6237065166092812
-0.6709674845314274
-0.6080561429697218
-0.9963392901685003
-0.9167691273358339
-1.0424360699225874
-1.065791101365176
-0.9798571587138077
-0.6027533571078894
-0.4349100176542033
-0.028801885076681688
-0.07929454172161632
-0.09662271418252849
-0.06475715555507233
-0.029571545513565056
-0.13117683399629593
-0.0238723307846522
-0.43647012474191266
-0.5693796147700929
0.003603513935718894
-0.430125539789662
-0.6616894869795701
-0.7051482759424446
-0.47225686092136193
-0.7317003228682044
-0.33220523501143323
-0.47564670090212696
-0.44071098971796235
0.012117628447340212
0.012117628447340212
0.012117628447340212
0.012117628447340212
0.012117628447340212
0.012117628447340212
0.012117628447340212
0.012117628447340212
0.012117628447340212
0.012117628447340212
0.012117628447340212
0.012117628447340212
0.012117628447340212
0.012117628447340212
0.012117628447340212
0.012117628447340212
0.012117628447340212
0.012117628447340212
0.012117628447340212
0.012117628447340212
-0.2064539113359914
-0.21591140440580814
-0.3932449289571947
0.018586132961783575
-0.016083903440995306
-0.17039616024709853
-0.31542665398481623
-0.4511272150974498
-0.759667266408187
-0.6332950248317801
-0.5315924445248599
-0.867226722946408
-0.48286857068329925
-0.17597772406461998
-0.6652915348779253
-0.35491643831728753
-0.5799036345943555
-0.4990629912188936
-0.5241210361838963
-0.6868647902194491
-0.6718201418291474
-0.5328414067490066
-0.15038703020047786
0.11971223506860017
23.159778116154143
31.149879580420148
26.132498015579664
29.316305965001106
32.16286013941591
34.153757538380475
-0.34791370445252273
-0.34392398639486493
-0.09973474259240955
-0.2392751272680605
-0.2775664698170385
-0.48633094031731816
-0.5031740441748314
-0.4741180047671581
-0.5446169528860793
-0.016512278023692678
-0.16709449386824138
-0.030885500059499943
-0.5983511405568258
-0.06098386706322789
-0.07952566488493407
-0.09261257959455654
-0.25659618267121165
-0.17116541411375613
0.023592668978427295
-37.82874939463936
0.06365587250024335
0.11283325856153693
-0.007816978123893509
-0.11179008500587201
-0.5608735606627844
-0.6265833998007746
-0.052453693178322325
0.07569081082546265
0.11000502978074127
0.047692329362259284
-0.5796219738973115
-17.840739600496267
18.162378669070595
0.12606147758430575
0.13288874468997147
0.11979132022859501
-42.848697983875894
-0.8420534742144573
0.09287039440096201
-1.8429790437301263
-17.836103586247933
-0.035337699972670916
34.18198673394514
-7.847920231154946
20.167130637008523
-20.84984384799511
0.12556799784054992
0.11583556075865974
0.010422442696250867
0.11757185749008701
0.015619566346978614
0.009886363986090344
0.024590960487374164
-0.2208567063303426
-36.844570565194
0.13343848042903522
0.10073602159592247
0.10018734115611644
41.160976759720896
40.17711032272339
40.16965603663332
39.15647030995659
39.15287856242966
37.152111541793104
39.16212221850234
31.33631812550426
-0.24198424476714286
-0.273920419751512
-0.3048010665681958
-0.18251623952211593
-0.1857185444015798
-0.1857185444015798
-0.1857185444015798
-0.1857185444015798
-0.1857185444015798
-0.1857185444015798
-0.1857185444015798
-0.1857185444015798
-0.1857185444015798
-0.1857185444015798
-0.1857185444015798
-0.1857185444015798
-0.1857185444015798
-0.1857185444015798
-0.1857185444015798
-0.1857185444015798
-0.1857185444015798
-0.1857185444015798
-0.1857185444015798
-0.1857185444015798
-0.040128733081489315
23.686539134026333
16.15099556310791
-0.07075955976156745
0.013642593414535747
40.95284909004467
40.15633561460552
40.158321244019405
41.1646024181436
32.455859055102934
-0.07242195125297518
16.494326548534424
16.639879413191125
-0.12840535174999806
16.52007355584017
-0.11860814785338286
40.554954348170554
41.16506289022898
28.353328189914215
39.76088178763293
39.35407333478376
40.1581827511166
39.75350104396467
0.14476686683114046
0.12877608860067075
39.75395550655497
40.16229931581069
40.163164772176316
41.15504746717519
39.763562393011966
40.164438759374264
23.9528668048494
40.16179077093254
38.562321693978845
39.16718282609673
39.16300247981393
40.16624281652217
40.170517667788054
39.16328052419904
40.159274603546976
39.17282955886505
38.15816991074117
40.171639514185046
35.765887674875465
40.17534390073534
40.1704285839827
40.171248968619295
38.151259997862724
40.174643977216405
40.17166796557454
40.168117720803586
40.15924335418174
31.386741640572392
39.15753366777936
39.16373555946093
40.16559772104091
39.95074750520478
40.17639785466001
40.17085317871692
40.16687894845587
40.161974656421165
34.75682869769302
40.17349390454648
40.16102982732779
40.15448343696771
32.32109651906421
-0.03492387418719585
-0.10071640021167509
-0.030977668938661454
-0.0736519005930314
-0.16512359300265703
-0.17356252729848332
-0.10726770050931383
-0.13093861865612388
-0.15076813276551643
-0.09996942911822987
-0.04575655337627976
-0.024353054665143786
-0.07130840208272093
-0.408042385822616
-1.0208373933325525
-0.12633177698356896
-0.9701649621068446
0.07569349958649708
0.14917518750276615
0.06475859678231323
0.09752819344796083
-0.11802690783422842
-0.11239726955092433
-0.07164696875118226
-1.295053458714223
-1.2974338459287404
-0.05493791427626338
-0.1608777620098742
16.711883559112863
8.320883749506306
41.15869467667468
41.152069123275474
41.165186197077915
40.16080756629616
41.17409290150716
41.17409290150716
41.17409290150716
41.17409290150716
41.17409290150716
41.17409290150716
41.17409290150716
41.17409290150716
41.17409290150716
41.17409290150716
41.17409290150716
41.17409290150716
41.17409290150716
41.17409290150716
41.17409290150716
41.17409290150716
41.17409290150716
41.17409290150716
41.17409290150716
41.17409290150716
41.17409290150716
41.17409290150716
41.17409290150716
41.17409290150716
41.17409290150716
41.17409290150716
41.17409290150716
41.17409290150716
41.17409290150716
41.17409290150716
41.17409290150716
41.17409290150716
41.17409290150716
41.17409290150716
41.17409290150716
41.17409290150716
41.17409290150716
41.17409290150716
41.17409290150716
41.17409290150716
41.17409290150716
41.17409290150716
41.17409290150716
41.17409290150716
41.17409290150716
41.17409290150716
41.17409290150716
41.17409290150716
41.17409290150716
41.17409290150716
41.17409290150716
41.17409290150716
41.17409290150716
41.17409290150716
41.17409290150716
41.17409290150716
41.17409290150716
41.17409290150716
41.17409290150716
41.17409290150716
41.17409290150716
41.17409290150716
41.17409290150716
41.17409290150716
41.17409290150716
41.17409290150716
41.17409290150716
41.17409290150716
41.17409290150716
41.17409290150716
41.17409290150716
41.17409290150716
41.17409290150716
41.17409290150716
41.17409290150716
41.17409290150716
41.17409290150716
41.17409290150716
41.17409290150716
41.17409290150716
41.17409290150716
41.17409290150716
41.17409290150716
41.17409290150716
41.17409290150716
41.17409290150716
41.17409290150716
41.17409290150716
41.17409290150716
41.17409290150716
41.17409290150716
41.17409290150716
41.17409290150716
41.17409290150716
41.17409290150716
41.17409290150716
41.17409290150716
41.17409290150716
41.17409290150716
41.17409290150716
40.16591254482656
40.16180910524273
-19.247380716738554
41.16388781703579
40.171526269830146
41.16726085501665
41.17428258891613
41.166399693725204
41.166141871487284
40.1777719425241
40.166568045769964
40.17949349992754
40.18275860254842
41.16882355866212
41.16249229138041
41.15996747848327
40.16167851591546
40.15774222958596
37.95902207372753
41.16091265393603
41.15439830772884
25.151564157051393
41.15733249968646
41.15786481759902
41.1698488474316
40.16835861778474
40.169330922255405
41.1652101689698
41.17217896253847
41.17170654702348
41.173659487162446
41.15401283154348
41.16014927456085
41.17330213385892
40.159245282120295
41.16235688048034
13.352607454658402
16.711955615140386
-0.7891429993483244
0.0790338629661266
0.10155289034870486
0.06857772596493082
0.08381137300117743
39.16323800415332
39.15639987763709
38.75261225406474
39.15062675717207
38.62181711631999
40.157030195275375
39.936330212308846
39.756142091127224
0.12270298528635105
-0.5236064426879482
0.10092270774189577
18.352043945528845
40.16246999833663
40.16452467170176
40.16368339396723
40.15958872682995
39.15289767847412
39.16576218440728
40.18710780093763
40.180704625217295
40.179390365833555
40.167862327548036
27.154398332714027
28.166678698246606
39.16748806910812
40.1598815012939
-0.3829459004332373
40.15925721441029
41.166138289481864
41.16250183966815
32.478062462894144
24.657087433166406
16.152843004189005
38.35359573154898
40.15393759589541
29.354753304555867
39.95352900172793
29.155843643636658
40.16279615438337
41.1710033278682
40.15183105668898
23.738137405890438
27.150785541984607
33.156012159988705
27.157739682544715
39.96295859833987
28.160447686865425
31.169742991181334
35.168348611838205
33.17565563791924
33.17674130337379
34.16646433506838
35.16742575021349
41.1609645599265
34.16462390432147
36.163251567862986
14.153622579820038
41.17019706749881
41.17019706749881
41.17019706749881
41.17019706749881
41.17019706749881
41.17019706749881
41.17019706749881
41.17019706749881
41.17019706749881
41.17019706749881
41.17019706749881
41.17019706749881
41.17019706749881
41.17019706749881
41.17019706749881
41.17019706749881
41.17019706749881
41.17019706749881
41.17019706749881
41.17019706749881
41.17019706749881
41.17019706749881
41.17019706749881
41.17019706749881
41.17019706749881
41.17019706749881
41.17019706749881
41.17019706749881
41.17019706749881
41.17019706749881
41.17019706749881
41.17019706749881
41.17019706749881
41.17019706749881
41.17019706749881
41.17019706749881
41.17019706749881
41.17019706749881
41.17019706749881
41.17019706749881
41.17019706749881
41.17019706749881
41.17019706749881
41.17019706749881
41.17019706749881
41.17019706749881
41.17019706749881
41.17019706749881
41.17019706749881
41.17019706749881
41.17019706749881
41.17019706749881
41.17019706749881
41.17019706749881
41.17019706749881
41.17019706749881
41.17019706749881
41.17019706749881
41.17019706749881
41.17019706749881
41.17019706749881
41.17019706749881
41.17019706749881
41.17019706749881
41.17019706749881
41.17019706749881
41.17019706749881
41.17019706749881
41.17019706749881
41.17019706749881
41.17019706749881
41.17019706749881
41.17019706749881
41.17019706749881
41.17019706749881
41.17019706749881
41.17019706749881
41.17019706749881
41.17019706749881
41.17019706749881
41.17019706749881
41.17019706749881
41.17019706749881
41.17019706749881
41.17019706749881
41.17019706749881
41.17019706749881
41.17019706749881
41.17019706749881
41.17019706749881
41.17019706749881
41.17019706749881
41.17019706749881
41.17019706749881
41.17019706749881
41.17019706749881
41.17019706749881
41.17019706749881
41.17019706749881
41.17019706749881
16.15329732097503
37.96028073948547
41.15596706550606
41.15398651583064
38.35895853195963
40.1622787052165
40.158946669708065
40.16446882489238
40.158519784014004
40.15357438754077
39.956532798655495
41.15862434378114
41.17243228077024
40.16205297761182
40.15103804301568
41.16432918375821
41.162851704381104
41.16590708837043
41.16200257086637
41.15673466951318
41.15600979171404
41.15915869069938
41.15794627285932
41.156944483934865
41.15636575762752
41.15044335977052
39.76072228676516
41.169793425904686
41.17594625196324
41.17791677379557
41.17311150174003
41.17944291657566
41.17896512527772
41.17733096381589
41.168788110518214
41.1715846714344
41.17860874720682
41.171196746735816
41.172806193993736
41.17313945930801
41.18079342107841
41.18344691643293
41.17975329280702
41.167506135684874
41.1691848738653
41.17348517179991
41.17917626730664
41.184343985248624
41.18272262645778
41.18050923590261
41.185600904684314
40.18112019128444
40.17347826441003
41.17607799330671
41.17069814652419
41.18014978909078
40.17943264957757
40.188093306328575
40.181873921585925
41.183192489439236
38.95233332751129
41.162784025422845
40.159448462226706
40.15862174598757
40.168444290330996
40.163984103978436
40.170218079811285
40.1592978544291
40.166781453359235
40.159515079812095
23.13072420909527
32.71530250544029
38.16391101354512
38.156277310703686
28.154890539324064
35.156770923707285
33.15637689038407
36.1688510335257
37.17911328128668
39.193969922961415
39.163833597673694
39.16489121483431
40.163050363032475
36.561900200672184
23.15353458018056
29.171763417057157
41.162517829703326
40.15232383091824
21.15918933396896
39.96658441278805
40.167953098418174
40.16847409580721
40.159578557720245
37.35826105316876
21.161416448190288
39.15890078421075
37.16430814892088
39.14978602216273
37.963429281827466
41.15489497609453
41.181364002838315
41.181364002838315
41.181364002838315
41.181364002838315
41.181364002838315
41.181364002838315
41.181364002838315
41.181364002838315
41.181364002838315
41.181364002838315
41.181364002838315
41.181364002838315
41.181364002838315
41.181364002838315
41.181364002838315
41.181364002838315
41.181364002838315
41.181364002838315
41.181364002838315
41.181364002838315
41.181364002838315
41.181364002838315
41.181364002838315
41.181364002838315
41.181364002838315
41.181364002838315
41.181364002838315
41.181364002838315
41.181364002838315
41.181364002838315
41.181364002838315
41.181364002838315
41.181364002838315
41.181364002838315
41.181364002838315
41.181364002838315
41.181364002838315
41.181364002838315
41.181364002838315
41.181364002838315
41.181364002838315
41.181364002838315
41.181364002838315
41.181364002838315
41.181364002838315
41.181364002838315
41.181364002838315
41.181364002838315
41.181364002838315
41.181364002838315
41.181364002838315
41.181364002838315
41.181364002838315
41.181364002838315
41.181364002838315
41.181364002838315
41.181364002838315
41.181364002838315
41.181364002838315
41.181364002838315
41.181364002838315
41.181364002838315
41.181364002838315
41.181364002838315
41.181364002838315
41.181364002838315
41.181364002838315
41.181364002838315
41.181364002838315
41.181364002838315
41.181364002838315
41.181364002838315
41.181364002838315
41.181364002838315
41.181364002838315
41.181364002838315
41.181364002838315
41.181364002838315
41.181364002838315
41.181364002838315
41.181364002838315
41.181364002838315
41.181364002838315
41.181364002838315
41.181364002838315
41.181364002838315
41.181364002838315
41.181364002838315
41.181364002838315
41.181364002838315
41.181364002838315
41.181364002838315
41.181364002838315
41.181364002838315
41.181364002838315
41.181364002838315
41.181364002838315
41.181364002838315
41.181364002838315
41.181364002838315
40.364154563856935
39.95712678720145
37.35907249034814
41.16869672038389
31.95762161579536
40.15267550508527
40.16064159932196
40.15111247752467
33.157904403141174
37.55098810983432
36.15315628962902
-0.02247959710863584
39.16339743964886
15.489911232619418
0.10231703472042789
40.16813118311007
39.17340757331481
0.08966360581776599
40.18607446995851
38.195726630314304
36.182313038102514
28.468456131928715
39.163635195469844
40.1858840531246
40.178063348308775
40.17561414595244
40.159808986393024
40.16432932844603
-0.021052778785629736
40.16659755013061
16.67223768662763
7.99703589126929
-0.04543945218410765
41.157763841583225
41.16255758771017
41.1497366669861
41.162557704817495
41.17746716533978
41.17024511951534
41.173920716653605
40.17013513515367
40.16403065272939
40.18248703772003
40.16854568947383
39.17034440785562
40.17992298735196
40.17407712602795
40.15589786703749
39.36066058366699
34.57186629773398
39.56529236095264
40.96340713386764
40.95826192429669
40.958939117273225
40.97190932565472
40.97273963264972
41.167305077775396
41.16767961465942
41.16885188075249
41.161916534738964
41.16271427987828
41.17012040132531
41.17712679103686
41.171093552798666
41.180311828118455
41.17413500478054
41.16819365162004
41.172584274234545
40.151947953425925
32.26996804479153
16.56317501330458
36.0814493804638
41.1680197598243
40.15250735718765
24.485721723042605
41.17243449111296
41.170738671691815
40.16023406339869
40.160607188055955
40.15885897691866
40.151894417501545
16.035818398947317
37.1654584410456
34.751418497535795
-0.07122784454603238
39.16292688875571
39.15605708645672
39.162765041590376
39.15830105265627
35.7601784644345
-0.0672141484092516
-0.6647518660166403
41.16159841669062
41.15466856987248
39.551276095632154
37.756142693106604
39.75694939949318
16.306957485255953
16.135588465848855
38.152627831441734
41.155006023539805
41.155006023539805
41.155006023539805
41.155006023539805
41.155006023539805
41.155006023539805
41.155006023539805
41.155006023539805
41.155006023539805
41.155006023539805
41.155006023539805
41.155006023539805
41.155006023539805
41.155006023539805
41.155006023539805
41.155006023539805
41.155006023539805
41.155006023539805
41.155006023539805
41.155006023539805
41.155006023539805
41.155006023539805
41.155006023539805
41.155006023539805
41.155006023539805
41.155006023539805
41.155006023539805
41.155006023539805
41.155006023539805
41.155006023539805
41.155006023539805
41.155006023539805
41.155006023539805
41.155006023539805
41.155006023539805
41.155006023539805
41.155006023539805
41.155006023539805
41.155006023539805
41.155006023539805
41.155006023539805
41.155006023539805
41.155006023539805
41.155006023539805
41.155006023539805
41.155006023539805
41.155006023539805
41.155006023539805
41.155006023539805
41.155006023539805
41.155006023539805
41.155006023539805
41.155006023539805
41.155006023539805
41.155006023539805
41.155006023539805
41.155006023539805
41.155006023539805
41.155006023539805
41.155006023539805
41.155006023539805
41.155006023539805
41.155006023539805
41.155006023539805
41.155006023539805
41.155006023539805
41.155006023539805
41.155006023539805
41.155006023539805
41.155006023539805
41.155006023539805
41.155006023539805
41.155006023539805
41.155006023539805
41.155006023539805
41.155006023539805
41.155006023539805
41.155006023539805
41.155006023539805
41.155006023539805
41.155006023539805
41.155006023539805
41.155006023539805
41.155006023539805
41.155006023539805
41.155006023539805
41.155006023539805
41.155006023539805
41.155006023539805
41.155006023539805
41.155006023539805
41.155006023539805
41.155006023539805
41.155006023539805
41.155006023539805
41.155006023539805
41.155006023539805
41.155006023539805
41.155006023539805
41.155006023539805
-0.6227907465937136
10.152336310574272
37.155180248184664
38.163978372574554
38.174129313833966
37.158435850722476
38.158903919578755
38.17547030055587
39.17710889324637
39.17036907236882
38.17248177931787
39.17316584239006
39.173297714964356
39.17612798895403
39.18331435853521
40.17583719527469
40.17223272406049
40.15983780958468
30.172070204118533
40.15748968550539
41.151540700959735
40.965586755635044
31.169689654803715
41.15538783244445
41.15209977101382
34.16274881328518
38.57195635356761
39.962770475797015
40.15541853090074
32.15780632928139
33.15993196534522
36.756662951089204
-0.20639509691129293
40.153123777544714
-0.32854098865201914
40.15700665176497
40.151227202593404
23.894868416811423
0.0326904191205227
0.12221344466390854
0.0056015483510046815
-0.003111280387511267
31.730312802551516
41.183164622606576
41.18618571916053
41.185021227953214
41.184391041317966
40.16651015117115
39.153547281235454
37.155010908926236
40.16793927109958
41.17614512884906
41.17977522921478
40.16991032556401
41.18269312301871
41.18118751504317
41.17365798881704
41.18266985048061
41.18334462998923
40.17883126098849
40.18078410112577
40.18015722964763
40.176202875055154
40.17087741298046
40.16814745808162
41.18331476570105
40.1845824443453
40.18045955000978
41.17872897340399
41.164886473755224
41.16405972674338
41.166371045004745
41.162549438735724
41.16488300174652
41.17476937955155
41.16819349646894
41.16723392459769
41.16444591662996
41.17247218729804
41.165653818095656
41.16270884662141
40.150894514137086
24.65190005556042
-0.17385331898739415
-0.25596452669295483
-0.30809845829119303
-0.29975831392767416
-0.6233332082499411
-0.5250029046291096
-0.22379513871474283
-0.008454444967448904
-0.18227514294468228
-0.28255324885152344
-0.30704062820229877
32.841756783878054
0.07627343905111476
33.229100903957494
-0.027951774292468923
-0.14420382766030526
31.676302659248655
41.162108378061504
41.162108378061504
41.162108378061504
41.162108378061504
41.162108378061504
41.162108378061504
41.162108378061504
41.162108378061504
41.162108378061504
41.162108378061504
41.162108378061504
41.162108378061504
41.162108378061504
41.162108378061504
41.162108378061504
41.162108378061504
41.162108378061504
41.162108378061504
41.162108378061504
41.162108378061504
41.162108378061504
41.162108378061504
41.162108378061504
41.162108378061504
41.162108378061504
41.162108378061504
41.162108378061504
41.162108378061504
41.162108378061504
41.162108378061504
41.162108378061504
41.162108378061504
41.162108378061504
41.162108378061504
41.162108378061504
41.162108378061504
41.162108378061504
41.162108378061504
41.162108378061504
41.162108378061504
41.162108378061504
41.162108378061504
41.162108378061504
41.162108378061504
41.162108378061504
41.162108378061504
41.162108378061504
41.162108378061504
41.162108378061504
41.162108378061504
41.162108378061504
41.162108378061504
41.162108378061504
41.162108378061504
41.162108378061504
41.162108378061504
41.162108378061504
41.162108378061504
41.162108378061504
41.162108378061504
41.162108378061504
41.162108378061504
41.162108378061504
41.162108378061504
41.162108378061504
41.162108378061504
41.162108378061504
41.162108378061504
41.162108378061504
41.162108378061504
41.162108378061504
41.162108378061504
41.162108378061504
41.162108378061504
41.162108378061504
41.162108378061504
41.162108378061504
41.162108378061504
41.162108378061504
41.162108378061504
41.162108378061504
41.162108378061504
41.162108378061504
41.162108378061504
41.162108378061504
41.162108378061504
41.162108378061504
41.162108378061504
41.162108378061504
41.162108378061504
41.162108378061504
41.162108378061504
41.162108378061504
41.162108378061504
41.162108378061504
41.162108378061504
41.162108378061504
41.162108378061504
41.162108378061504
41.162108378061504
40.16647217372033
41.1752564578437
41.163225043284
41.177555707853784
41.186882514583964
41.186462624702074
41.18666564612979
40.181875829098935
40.185995540615174
40.1797075164077
41.187502498834306
41.182539371035205
41.18931786907326
41.18805949620991
41.18825653466577
41.18322311300757
41.176395769784264
41.18580299297212
41.187117051148626
40.182379124653195
39.975565794450205
39.97596721900399
39.97599024198147
34.161838638175055
-0.08998148361391309
0.041210098606929535
-0.08519650486990671
-0.012608587272891159
0.014688382969951091
-0.478057845548481
-0.45939161795792777
0.008250984460395044
0.08430365703698986
-0.37535111856119124
-0.1412126584071942
-0.002285640234523101
-0.01005115909164564
-0.14875162500930916
0.01934845462951984
-0.010128650370073322
-0.07048636815334303
-0.09129218843197723
0.045142365510531024
-0.09249282974969317
-0.229085305465898
-0.09231066152570205
-0.1005228692964859
-0.06128328637024244
-0.10396297688884182
-0.15703539838863861
-0.3178410384600317
-0.33055563155585915
-0.28645278213378716
-0.6245657585864306
-0.21927831190666092
-0.18738052824359747
-0.4305490099744225
-0.8049308563090922
-0.18173776310384931
26.149906813218774
-0.220554503897122
-0.2484942845394833
-0.24918466696183295
-0.15932719548863045
-0.03645443876109397
-0.10966770322451813
-0.17625461081246824
-0.19601849345665467
-0.44889552862749554
-0.7870041598073212
-0.9282725632487259
-0.9401415528367867
-1.2380142815896484
-1.2071448172633878
-1.0993121133119417
-0.47028583640454685
-0.014532344691511268
0.042454438333938554
0.028316758311511342
-0.05641119008712653
-0.33534639142677786
-0.31757839828189155
-0.31477064887219647
0.00392515586430639
-0.7082455000812782
-0.6646162084306889
-0.5876117618485768
-0.4143514617929673
-0.5982914382118856
-0.27506562576926047
-0.14561802880729666
0.04907130451669073
-0.5240729513951243
-0.6764541374205906
-0.5798383177764218
-0.5600032997608596
-0.5088395751913299
-0.5611093440360204
-0.16274121702330913
-0.5456646358936811
-0.49490975347357297
-0.5593508153117763
-0.5020842951088802
-0.8144288625719108
-0.5233350344335593
-0.07519334419715024
-0.2570726623370939
-0.1637280003117086
10.156182310437378
0.1173634326246883
0.0910323940402847
-0.28404142818392764
-0.45364587782672544
-0.6220152797253223
-0.4893983137893965
-0.48556436912451456
-0.4642827610634685
-0.048047322146267085
0.05983541619597946
0.049625627577127296
25.56479255884338
0.10355540844652633
-0.1017846217949756
-0.7827678450131064
0.012117628447340212
0.012117628447340212
0.012117628447340212
0.012117628447340212
0.012117628447340212
0.012117628447340212
0.012117628447340212
0.012117628447340212
0.012117628447340212
0.012117628447340212
0.012117628447340212
0.012117628447340212
0.012117628447340212
0.012117628447340212
0.012117628447340212
0.012117628447340212
0.012117628447340212
0.012117628447340212
0.012117628447340212
0.012117628447340212
-0.8066422400707258
-0.4402743716098155
-0.6197368835242261
-0.7704841200961788
-0.6437557301634318
-0.7157701920138632
-0.9302241543643859
-0.8291536760212307
-0.6258381081253459
-0.7006477893431114
-0.5973993948028411
-0.8271423678326972
-0.46663242977150726
-0.46079111079050056
-0.5937672540551348
-0.5947942403496469
-0.26580276688465443
-0.1691344897629789
-0.1788537207117969
-0.22377642429221845
-0.12420025674479407
-0.09678381169132871
-0.16279902310123373
-0.25185531838538155
-0.2711378623702081
-0.14152032530714104
-0.13136072775035196
-0.10392309606000316
-0.05767704970997284
-0.2833620024010651
-0.34443803455244565
-0.20898445407069205
-0.10631353059412729
-0.250709970925057
-0.42073738249316656
-0.5551153825088841
-0.497283629192346
-0.20893295296516168
-0.5182576355795633
-0.5520319863292852
-0.6863985124645455
-0.8623929152735355
-0.48838145585468434
-1.0580713114938793
-1.2394075153991757
-1.0378680048496765
-1.0465584179105245
-1.241430410911087
-1.164019356602692
-1.1797965674553965
-1.1957276589612917
-1.1963727532871182
-1.1133764075772015
-0.8899894926006878
-1.0577504274488543
-0.9602059925459009
-0.9002693203542457
-1.0287600191248985
-1.147132042567778
-0.9656051969593351
-1.2332933087915041
-1.088129150222559
-0.9971262154501527
-0.7248982066303478
-0.5429577332341443
-0.46446516960995343
-0.5052410623841684
-0.7456553436085646
-0.6670375142581056
-0.4493035156429581
-0.5763936072797297
-0.49647942790953964
-0.3434588292973139
-0.39384304075094406
-0.14122547314756317
-0.12796445853213828
-0.2204734422644954
-0.6085283248776875
-0.8897957284528143
-0.6891891901723982
-0.7205631343045827
-0.8847653313292448
-0.874760100942434
-0.46567831786820896
-0.5872623427630921
-0.2937775055994755
-0.4634885135891215
-0.6484331383112195
-0.7638842964912983
-0.6939331507830242
-0.8000729762485844
-0.7092954470318887
-0.5444855169588391
-0.508855683173659
-0.4766776291357715
-0.42955194314537076
-0.45551606831215025
-0.5359017813446412
-0.6344561645508298
-0.678761451585438
0.012117628447340212
0.012117628447340212
0.012117628447340212
0.012117628447340212
0.012117628447340212
0.012117628447340212
0.012117628447340212
0.012117628447340212
0.012117628447340212
0.012117628447340212
0.012117628447340212
0.012117628447340212
0.012117628447340212
0.012117628447340212
0.012117628447340212
0.012117628447340212
0.012117628447340212
0.012117628447340212
0.012117628447340212
0.012117628447340212
-0.5264829344352658
-0.450295537232596
-0.45041279187056454
-0.6702188504689618
-0.5894589520500905
-0.05803159361695992
-0.1411610021827846
-0.03191030716621024
-0.026143450434487653
-0.27211231043311845
-0.25177674404591954
-0.21845648192065636
-0.19125534533644567
-0.08873980026900125
0.06087993529867758
0.06628805790372491
-0.09790600596398125
0.0190119405227063
-0.003199973726648514
-0.029095690809086583
-0.1501429200350946
-0.18552543260379223
-0.052762103708708624
-0.173180415194572
-0.13632685655630555
-0.5247386753243523
-0.7549058917045836
-0.6716601728326221
-0.5606406407639041
-0.5583083428328799
-0.1703898157094254
-0.12748580172436758
0.08834027650936772
-2.942740339109684e-05
26.152486127099007
28.155396982264016
0.0628688856276837
0.1332641792614374
31.15510492698275
25.173249538915957
0.1042537072056841
26.154650156180406
29.153008937353896
0.11935249329247398
0.04274509933720516
-0.2441742935107883
-0.1815703131103129
-0.4918505220074329
-0.607502503872774
-0.6584872661756774
-0.6695690274785286
-0.7161436674064763
-0.7110478515445829
-0.7986942434958321
-0.8861443304156205
-0.6686518374294791
-0.39395140499391385
-0.09542167678982116
-0.02837842594924561
-0.2052552667580716
-0.26741252670533827
-0.2821511723791429
-0.7643508705667544
-0.7415836777939881
-0.7686955122908972
-0.6658076102432974
-0.6036161890503448
-0.6529185019816901
-0.7339718882376671
-0.783267971735197
-0.9261751064993005
-0.7307326132932738
-0.6237065166092812
-0.6709674845314274
-0.6080561429697218
-0.9963392901685003
-0.9167691273358339
-1.0424360699225874
-1.065791101365176
-0.9798571587138077
-0.6027533571078894
-0.4349100176542033
-0.028801885076681688
-0.07929454172161632
-0.09662271418252849
-0.06475715555507233
-0.029571545513565056
-0.13117683399629593
-0.0238723307846522
-0.43647012474191266
-0.5693796147700929
0.003603513935718894
-0.430125539789662
-0.6616894869795701
-0.7051482759424446
-0.47225686092136193
-0.7317003228682044
-0.33220523501143323
-0.47564670090212696
-0.44071098971796235
0.012117628447340212
0.012117628447340212
0.012117628447340212
0.012117628447340212
0.012117628447340212
0.012117628447340212
0.012117628447340212
0.012117628447340212
0.012117628447340212
0.012117628447340212
0.012117628447340212
0.012117628447340212
0.012117628447340212
0.012117628447340212
0.012117628447340212
0.012117628447340212
0.012117628447340212
0.012117628447340212
0.012117628447340212
0.012117628447340212
-0.2064539113359914
-0.21591140440580814
-0.3932449289571947
0.018586132961783575
-0.016083903440995306
-0.17039616024709853
-0.31477201129641125
-0.4468207300595931
-0.8215791905258786
-0.7325061317144757
-0.6284627990791015
-0.700299349522057
-0.5441692513611591
-0.3186716468271727
-0.6460611290687254
-0.73437344793131
-0.8833904620783997
-0.571065596956645
-0.2916601677485798
-0.67476630050569
-0.2604586569942648
-0.17333318100941442
-0.1364724728122763
-0.020567189096169114
0.08962490643021385
0.109411182272282
6.634305194569663
26.15653036293679
-0.16279613995918044
-0.16864797379141278
-0.005479779662870804
0.004390120475763537
-0.7169015570353202
0.11131197848361944
0.09298572980068733
-0.06262497297742703
0.10560982360281439
-37.846404083026925
-0.21643613715634952
-0.13093118044986762
-0.7233631947892546
0.024535581307112114
0.023510211395358888
0.11249963456015231
-0.0038417850066349846
0.014306782634967485
-0.07143329184175234
0.013653169465872611
0.05340398297452298
0.07430948554966371
0.11608472046661013
0.040939954756099906
0.015859661596291236
0.07701105620853109
0.06355971005812286
-0.047569352495337947
0.022166379274554948
-0.05709828399740369
-0.04022491723035154
0.005049230815127523
-0.630851443913479
-0.645152705959151
-0.6327605594294428
-0.3490854768619283
0.01549571955281856
0.13601746721985422
0.04864089142552602
0.13556238813593083
0.022016149436449417
0.031240038431230382
-0.25712372638356207
-0.04664620267188205
0.034355013322869
-0.12446710986353504
-0.22277678360339415
-0.6412695494419975
0.025933538142027368
-0.11171056058770767
-0.4786269978203912
-0.3824205965985567
-0.31193348802240123
-0.23474980710306192
0.08369361757945407
33.17222741018012
0.10426780229239326
11.543452697368418
11.155470376857343
5.817149147915951
-0.24141493544864284
0.09139084849793755
0.05324494943701419
0.07595140964430205
-0.22225612212732726
0.09793020982372494
-0.16490774528079277
-0.3914607863939446
0.03440666778189311
0.029591340600646776
-0.415982559028467
-0.5591466291490539
-0.10849316224251249
-0.10849316224251249
-0.10849316224251249
-0.10849316224251249
-0.10849316224251249
-0.10849316224251249
-0.10849316224251249
-0.10849316224251249
-0.10849316224251249
-0.10849316224251249
-0.10849316224251249
-0.10849316224251249
-0.10849316224251249
-0.10849316224251249
-0.10849316224251249
-0.10849316224251249
-0.10849316224251249
-0.10849316224251249
-0.10849316224251249
-0.10849316224251249
-0.5811009215269031
-0.5859844891345536
-0.5929219122359362
-0.7258751908366924
-0.6522957180741088
-0.5268170841566301
-0.02387424784171252
-0.11777344386428007
-0.13271290837840166
0.007779227381275566
30.1660959387364
-0.16190048277704774
24.149764511914487
0.12311870688828384
-0.07960847547038757
0.04766344087804404
-0.07699943839687357
-13.830361902569235
0.10925600071072135
0.041078520698493326
-0.398910102683201
0.0719589639584204
0.00482483266541997
-0.07352614421482673
0.11669803489707763
8.346666365120136
0.07865275144462097
0.07184561190558214
0.0355847972545498
-0.09341380633412262
0.06594160245122124
0.12078734963266598
0.04819778559004194
0.03968849792885237
-0.026054316411860748
0.08462539558931188
-33.85039093707805
0.05231051036610597
-0.04064579903046997
0.1306887061004226
25.318038072998156
-0.10496110028205048
24.35137186556122
23.15982644240105
40.15779526429117
33.30248859916122
32.51224567393895
25.265120069908
34.56178377899489
11.159774112379239
9.549706810025501
35.15329349759087
40.957247964955194
15.527074712410597
40.159114880625665
41.166477179501875
25.320083815128545
40.36169999394772
0.08203146103718145
33.34995136130896
8.285165858762706
0.0818026014876333
0.09825007546394711
0.06590568924647727
0.03190677056447602
0.10582952845049529
0.10570200628876152
40.160159278402524
39.17092826036209
39.16295568183031
15.747551054238224
0.12778180719979476
0.12363344280057757
-0.5208428602418493
0.11306042710545167
0.11233520486229864
0.048399527278676316
40.181061232443604
40.18424665097498
40.17451670153732
39.15658264227987
7.9379774205520395
0.12364389779652836
0.10021536416685566
0.08886174849256145
0.07268654118769965
0.08955600869399369
-0.005579826378635577
-0.24809626427436227
0.02783467546163182
-0.08988336726139468
-0.45478753418107826
0.09327513487488892
0.09827598619513425
23.5116137993659
0.055630210619944415
29.153330094376553
-0.4418853412283627
36.16065947744732
36.157761099009605
40.35397441128141
40.35397441128141
40.35397441128141
40.35397441128141
40.35397441128141
40.35397441128141
40.35397441128141
40.35397441128141
40.35397441128141
40.35397441128141
40.35397441128141
40.35397441128141
40.35397441128141
40.35397441128141
40.35397441128141
40.35397441128141
40.35397441128141
40.35397441128141
40.35397441128141
40.35397441128141
40.35397441128141
40.35397441128141
40.35397441128141
40.35397441128141
40.35397441128141
40.35397441128141
40.35397441128141
40.35397441128141
40.35397441128141
40.35397441128141
40.35397441128141
40.35397441128141
40.35397441128141
40.35397441128141
40.35397441128141
40.35397441128141
40.35397441128141
40.35397441128141
40.35397441128141
40.35397441128141
40.35397441128141
40.35397441128141
40.35397441128141
40.35397441128141
40.35397441128141
40.35397441128141
40.35397441128141
40.35397441128141
40.35397441128141
40.35397441128141
40.35397441128141
40.35397441128141
40.35397441128141
40.35397441128141
40.35397441128141
40.35397441128141
40.35397441128141
40.35397441128141
40.35397441128141
40.35397441128141
40.35397441128141
40.35397441128141
40.35397441128141
40.35397441128141
40.35397441128141
40.35397441128141
40.35397441128141
40.35397441128141
40.35397441128141
40.35397441128141
40.35397441128141
40.35397441128141
40.35397441128141
40.35397441128141
40.35397441128141
40.35397441128141
40.35397441128141
40.35397441128141
40.35397441128141
40.35397441128141
40.35397441128141
40.35397441128141
40.35397441128141
40.35397441128141
40.35397441128141
40.35397441128141
40.35397441128141
40.35397441128141
40.35397441128141
40.35397441128141
40.35397441128141
40.35397441128141
40.35397441128141
40.35397441128141
40.35397441128141
40.35397441128141
40.35397441128141
40.35397441128141
40.35397441128141
40.35397441128141
-0.47325773775126534
-0.20248496111097758
36.16747221435146
40.17433691308667
37.16433166683071
-0.2580587690113192
-0.2694531654545356
-0.36291308970381003
-0.07306125294119947
-0.12084219623766301
-0.4998438474431859
-0.5670692833195811
-0.30607107993093674
-0.4320123471374376
-1.0077805741592691
-0.8807403123701647
-0.824293970878295
-0.2786864786263059
17.1665598305431
17.160042058806567
-0.21430967944894821
34.16705255387355
6.165269718960167
28.15437594910727
-0.1103424409383127
-0.8213149518865579
-0.2827577731069141
34.16722301140884
34.36602405953868
34.1714006416446
40.16788678786503
40.16668284593318
40.14968402606978
8.099356885496311
33.15625922073314
-5.845973929404964
0.08489414729620998
28.153708821555117
37.15984699234174
37.16534019127291
40.15545349326196
7.11587022143102
32.50252284677223
0.049512691911607634
21.152669077743308
18.174144257273046
19.15646623304933
0.12948787869415712
0.08912127470859806
35.35461839802112
30.163337589693516
35.154355190449294
0.12396025038783859
0.11945764581820943
-44.8462575116172
29.161688434638684
31.16244723484519
32.16985256407442
34.17387146398715
19.83521605938468
33.169617795225705
18.638655004984827
-0.04799521973634799
-0.15596599022822277
-0.07305639781925802
-0.02304234500960539
22.298878142888327
39.18438363706309
39.17948230999059
39.161569340436365
39.171791602804554
39.182267419215556
40.1780222608208
40.17673900517818
40.18873774239845
40.18592257262706
40.1926237510979
39.18707537932421
33.17101479524499
40.15819950420782
40.15132024593112
40.158686055558846
40.15170165710094
39.151194714829984
39.159811693161664
40.16110169443121
-0.03195185273331755
-0.0793054763189352
39.1523062270291
15.653562011204993
15.694951865558286
23.990370877629815
40.15923375825692
40.17422435588367
40.167662021018145
40.16608043259124
40.1809720499103
40.1786033000594
40.18052243132284
40.17420620656622
41.178151521676355
41.178151521676355
41.178151521676355
41.178151521676355
41.178151521676355
41.178151521676355
41.178151521676355
41.178151521676355
41.178151521676355
41.178151521676355
41.178151521676355
41.178151521676355
41.178151521676355
41.178151521676355
41.178151521676355
41.178151521676355
41.178151521676355
41.178151521676355
41.178151521676355
41.178151521676355
41.178151521676355
41.178151521676355
41.178151521676355
41.178151521676355
41.178151521676355
41.178151521676355
41.178151521676355
41.178151521676355
41.178151521676355
41.178151521676355
41.178151521676355
41.178151521676355
41.178151521676355
41.178151521676355
41.178151521676355
41.178151521676355
41.178151521676355
41.178151521676355
41.178151521676355
41.178151521676355
41.178151521676355
41.178151521676355
41.178151521676355
41.178151521676355
41.178151521676355
41.178151521676355
41.178151521676355
41.178151521676355
41.178151521676355
41.178151521676355
41.178151521676355
41.178151521676355
41.178151521676355
41.178151521676355
41.178151521676355
41.178151521676355
41.178151521676355
41.178151521676355
41.178151521676355
41.178151521676355
41.178151521676355
41.178151521676355
41.178151521676355
41.178151521676355
41.178151521676355
41.178151521676355
41.178151521676355
41.178151521676355
41.178151521676355
41.178151521676355
41.178151521676355
41.178151521676355
41.178151521676355
41.178151521676355
41.178151521676355
41.178151521676355
41.178151521676355
41.178151521676355
41.178151521676355
41.178151521676355
41.178151521676355
41.178151521676355
41.178151521676355
41.178151521676355
41.178151521676355
41.178151521676355
41.178151521676355
41.178151521676355
41.178151521676355
41.178151521676355
41.178151521676355
41.178151521676355
41.178151521676355
41.178151521676355
41.178151521676355
41.178151521676355
41.178151521676355
41.178151521676355
41.178151521676355
41.178151521676355
40.17353176475507
40.174508869592515
40.169926966464224
40.15966313063628
40.16726772600076
40.179973247894544
40.179286761903334
40.173075348320495
40.17718440154859
40.1814705141866
40.18053244202119
40.184001037775175
40.17778728018919
39.15835243451159
35.16335083152276
39.15917977763585
39.158828612951325
40.17146676402672
40.17692226753952
40.18489145305002
40.1944272043416
40.188365019782545
40.18545471280245
40.16474334098953
39.184074266565375
40.18660567626436
39.1797760917472
38.16631673764427
7.5243312037036425
39.17858667022333
39.18121690014075
40.189488272616764
40.18225103919579
40.17589763194615
40.185500821161575
41.165290387951444
41.16854758706149
41.160917786358524
41.171849793746894
41.16595897581429
41.165995257577094
40.160141542910836
40.15735309143775
41.16946126213875
40.15935158621831
40.16747385745118
40.155815784879366
39.15871398801951
-0.0728387834715516
6.990073451666666
36.771407685641364
33.15331967326114
7.946833160151228
-0.22836662539574554
-0.15131528506029024
0.06732489393809724
-0.1895253520056507
-0.16565662101249654
-0.32911391331869616
-0.07316398688695895
-0.2282716777411417
-0.3071257933273618
16.61616525332565
-0.2200887660858437
16.312654911887588
-0.5472676947669061
-0.04777562517454746
-0.029027602422914425
-0.0018219311262972354
41.17599685773331
41.16731863030553
31.893265815273182
41.173963632168466
41.17543277839582
41.179467650372374
41.171945926940026
41.176749329429526
41.18617347642992
41.185863317822204
41.17976837045953
41.18671118902484
41.185497317634365
41.186665881067114
41.18152537825604
41.17169476330298
41.18186482036677
41.178528447951116
41.17753204193285
41.166919609238036
41.15403327314033
40.15024214982841
40.15618477166362
41.16283673108326
41.165212030446945
41.17476936311884
41.178266319422264
41.18132275593758
41.17845671405011
41.171643397326186
41.164858315506216
41.16001215866984
41.16001215866984
41.16001215866984
41.16001215866984
41.16001215866984
41.16001215866984
41.16001215866984
41.16001215866984
41.16001215866984
41.16001215866984
41.16001215866984
41.16001215866984
41.16001215866984
41.16001215866984
41.16001215866984
41.16001215866984
41.16001215866984
41.16001215866984
41.16001215866984
41.16001215866984
41.16001215866984
41.16001215866984
41.16001215866984
41.16001215866984
41.16001215866984
41.16001215866984
41.16001215866984
41.16001215866984
41.16001215866984
41.16001215866984
41.16001215866984
41.16001215866984
41.16001215866984
41.16001215866984
41.16001215866984
41.16001215866984
41.16001215866984
41.16001215866984
41.16001215866984
41.16001215866984
41.16001215866984
41.16001215866984
41.16001215866984
41.16001215866984
41.16001215866984
41.16001215866984
41.16001215866984
41.16001215866984
41.16001215866984
41.16001215866984
41.16001215866984
41.16001215866984
41.16001215866984
41.16001215866984
41.16001215866984
41.16001215866984
41.16001215866984
41.16001215866984
41.16001215866984
41.16001215866984
41.16001215866984
41.16001215866984
41.16001215866984
41.16001215866984
41.16001215866984
41.16001215866984
41.16001215866984
41.16001215866984
41.16001215866984
41.16001215866984
41.16001215866984
41.16001215866984
41.16001215866984
41.16001215866984
41.16001215866984
41.16001215866984
41.16001215866984
41.16001215866984
41.16001215866984
41.16001215866984
41.16001215866984
41.16001215866984
41.16001215866984
41.16001215866984
41.16001215866984
41.16001215866984
41.16001215866984
41.16001215866984
41.16001215866984
41.16001215866984
41.16001215866984
41.16001215866984
41.16001215866984
41.16001215866984
41.16001215866984
41.16001215866984
41.16001215866984
41.16001215866984
41.16001215866984
41.16001215866984
41.16179641237724
41.1562654193583
41.15690150760834
41.15397932565957
41.152905704368024
41.15615682653912
41.15546462374864
33.16238482888597
41.16656656897441
41.177205635914525
41.18486811255798
41.16962116431784
34.90488450252822
41.18533121031204
41.184169108469845
41.18914137214458
40.185521475176046
40.18390819827937
40.19358757724952
40.18592272771579
40.18550360908152
40.18247664528839
40.19022841848341
40.18409387405485
41.184983682765484
41.193636632178574
41.18534395649126
41.183180430948504
41.186038353358974
41.183183144090634
41.18268819011754
41.181469925180096
41.17961816473203
41.185923431929865
41.17884425633006
41.167752845510506
41.158929281547536
41.16538039395725
41.168984947061325
41.15866398089996
41.16326257607362
41.15802039623684
41.1563614317611
41.16090225424198
41.158423247819634
41.162750879004
41.17238994181196
41.170363101324305
41.17447097155521
41.17469487050309
41.182001555363314
41.1938962003143
41.1920088654212
41.188009161026315
41.189662108764246
41.19317303191443
40.17849391282187
40.17782219060313
40.1894265261626
40.17678599576221
39.17138651654553
40.17196181738614
40.17158758234232
39.17091606025824
40.17869845130288
40.17748886219951
39.184310515710656
40.17652193047681
39.17340847794118
40.18269771236112
41.18481075784962
40.1685551254283
41.17666021004417
40.172753058113535
40.175095091300285
40.174974030915536
39.16789643056045
40.17253177242045
40.17488117866987
40.17446610500501
39.16444008640748
40.16444524130388
40.16242868491706
31.45154586992794
-14.71563831625181
-22.848372758593257
0.1415608305208575
0.09249753919215083
0.06519379510943185
-0.5963630483077589
30.168552746584638
31.155557386004727
33.17653566212833
35.1668480652691
0.0829313300067684
0.12910432883971773
38.15500156776871
30.870165319790416
-0.37833536070361934
-0.3089316466534745
41.18693204698248
41.18693204698248
41.18693204698248
41.18693204698248
41.18693204698248
41.18693204698248
41.18693204698248
41.18693204698248
41.18693204698248
41.18693204698248
41.18693204698248
41.18693204698248
41.18693204698248
41.18693204698248
41.18693204698248
41.18693204698248
41.18693204698248
41.18693204698248
41.18693204698248
41.18693204698248
41.18693204698248
41.18693204698248
41.18693204698248
41.18693204698248
41.18693204698248
41.18693204698248
41.18693204698248
41.18693204698248
41.18693204698248
41.18693204698248
41.18693204698248
41.18693204698248
41.18693204698248
41.18693204698248
41.18693204698248
41.18693204698248
41.18693204698248
41.18693204698248
41.18693204698248
41.18693204698248
41.18693204698248
41.18693204698248
41.18693204698248
41.18693204698248
41.18693204698248
41.18693204698248
41.18693204698248
41.18693204698248
41.18693204698248
41.18693204698248
41.18693204698248
41.18693204698248
41.18693204698248
41.18693204698248
41.18693204698248
41.18693204698248
41.18693204698248
41.18693204698248
41.18693204698248
41.18693204698248
41.18693204698248
41.18693204698248
41.18693204698248
41.18693204698248
41.18693204698248
41.18693204698248
41.18693204698248
41.18693204698248
41.18693204698248
41.18693204698248
41.18693204698248
41.18693204698248
41.18693204698248
41.18693204698248
41.18693204698248
41.18693204698248
41.18693204698248
41.18693204698248
41.18693204698248
41.18693204698248
41.18693204698248
41.18693204698248
41.18693204698248
41.18693204698248
41.18693204698248
41.18693204698248
41.18693204698248
41.18693204698248
41.18693204698248
41.18693204698248
41.18693204698248
41.18693204698248
41.18693204698248
41.18693204698248
41.18693204698248
41.18693204698248
41.18693204698248
41.18693204698248
41.18693204698248
41.18693204698248
-0.5246271460211047
14.159841327084543
32.172380721303796
34.18003685751462
35.167684781138405
0.12103591991190307
31.16780957719342
32.15189828998696
0.046975148507135064
39.187343031073766
39.17993873777334
39.17448954581992
38.17463532530766
37.17534181981426
39.188873536370934
39.18025145580731
39.18162269638128
38.18108081316414
39.178585368132715
38.17672029636859
37.18654587900455
38.18159704581767
39.18530773935873
39.190624181944855
39.18981243503349
40.19068295391165
40.195302046659776
40.18709084538898
39.182720978017144
39.18419894252486
40.18182007230957
40.186201682256986
40.185959944203134
40.191533487235056
41.1755110691481
41.18419072989337
41.186966438173776
41.1840800124884
41.17886556971287
41.18134782178825
41.179964807497115
40.17229596581071
40.17438721359529
41.18485949949089
41.182909889096244
41.18496205400416
41.18252049673648
41.18319736407821
41.18519918020221
41.18525679600605
41.1873590824834
41.186268107607596
41.18104773455772
41.166311068291925
40.16987026373532
40.175112422414855
41.18226250311356
41.17077005019622
41.169392651581916
40.174689343198644
40.16670525823771
40.16783266127309
40.16964793741254
40.17676520456125
40.16408981290887
40.15822801344828
17.16342987241354
39.168525835725255
39.15625112009143
30.15112613352782
36.15020892426002
14.151552709465962
21.152809694515696
39.172401681424205
38.16971445346143
37.165826386618136
38.16705811393397
39.16825653700514
38.15663931223086
39.164340859765616
39.16741089320665
40.18288825839505
40.18079533584789
40.17352767977806
40.16892865538675
40.17211691295166
40.16785041777583
40.169165154013754
41.17563368623634
40.15523528965409
35.95001152874878
41.179014452467605
41.16515304016971
40.15213178880476
40.151291477758974
41.17119440716583
41.17009145685499
40.15324343614416
-0.8394208425908602
0.009052631355324317
41.177798885779204
41.177798885779204
41.177798885779204
41.177798885779204
41.177798885779204
41.177798885779204
41.177798885779204
41.177798885779204
41.177798885779204
41.177798885779204
41.177798885779204
41.177798885779204
41.177798885779204
41.177798885779204
41.177798885779204
41.177798885779204
41.177798885779204
41.177798885779204
41.177798885779204
41.177798885779204
41.177798885779204
41.177798885779204
41.177798885779204
41.177798885779204
41.177798885779204
41.177798885779204
41.177798885779204
41.177798885779204
41.177798885779204
41.177798885779204
41.177798885779204
41.177798885779204
41.177798885779204
41.177798885779204
41.177798885779204
41.177798885779204
41.177798885779204
41.177798885779204
41.177798885779204
41.177798885779204
41.177798885779204
41.177798885779204
41.177798885779204
41.177798885779204
41.177798885779204
41.177798885779204
41.177798885779204
41.177798885779204
41.177798885779204
41.177798885779204
41.177798885779204
41.177798885779204
41.177798885779204
41.177798885779204
41.177798885779204
41.177798885779204
41.177798885779204
41.177798885779204
41.177798885779204
41.177798885779204
41.177798885779204
41.177798885779204
41.177798885779204
41.177798885779204
41.177798885779204
41.177798885779204
41.177798885779204
41.177798885779204
41.177798885779204
41.177798885779204
41.177798885779204
41.177798885779204
41.177798885779204
41.177798885779204
41.177798885779204
41.177798885779204
41.177798885779204
41.177798885779204
41.177798885779204
41.177798885779204
41.177798885779204
41.177798885779204
41.177798885779204
41.177798885779204
41.177798885779204
41.177798885779204
41.177798885779204
41.177798885779204
41.177798885779204
41.177798885779204
41.177798885779204
41.177798885779204
41.177798885779204
41.177798885779204
41.177798885779204
41.177798885779204
41.177798885779204
41.177798885779204
41.177798885779204
41.177798885779204
41.18410891399485
40.17022552052068
40.17288160554576
40.1670522496454
39.171134715448176
40.18963379118913
40.17970139760513
41.17973662049932
41.17478516947867
41.17647442824694
41.17324306611495
41.16871735236613
41.17047242850191
41.18146081978114
41.176438850032255
41.17664673563079
41.17639158791755
41.16365811016653
41.15702612237001
41.16966780995536
41.18493862717686
41.18489204657429
41.18186443979237
41.178843640187196
41.18581508618645
41.17720841444638
40.16750238560073
41.17956065283697
41.18411788352778
41.18614214625193
40.1654152007249
40.16495058963808
39.16469474616252
40.17796048242268
40.183426958656746
39.16395348924007
37.15098408177839
39.166300341145984
40.16836664972925
41.17343510768818
41.169417021708014
41.16706138347159
40.17239788393308
39.1752298604539
40.1691877423717
40.17127287497676
40.17511172183673
39.17111586761094
39.17660390848426
41.19153062274649
41.191175300463115
41.182955401992096
41.17468174356935
40.180052056465236
41.18009342607587
41.189989881782495
41.18399832911405
40.17018941536251
37.17618022522339
39.17599846809553
40.17294190333305
39.15890144146387
39.168480482653
39.16681016416243
40.166619643186266
40.17971201318982
40.18503406476492
40.18407851608644
40.17914063229285
40.17626490319425
41.18490193682792
41.18226710160779
41.181980980526674
40.17323710069952
40.18551845932788
41.184096842204426
41.17648902279951
40.15626376655496
40.15143624922386
40.151180795588715
33.57134066619066
40.15903479960969
41.16996608003597
41.17749245675564
41.18705538825472
41.18173467199931
41.1745629855317
40.15535906079633
39.15408528260467
38.15484566200804
40.16356502789224
40.17136500781022
40.16791664644126
40.164969545524194
40.16239322103186
37.15309969580441
33.16908374504575
40.17093950747484
37.55318954687327
41.185963377620915
41.18916765346592
41.18916765346592
41.18916765346592
41.18916765346592
41.18916765346592
41.18916765346592
41.18916765346592
41.18916765346592
41.18916765346592
41.18916765346592
41.18916765346592
41.18916765346592
41.18916765346592
41.18916765346592
41.18916765346592
41.18916765346592
41.18916765346592
41.18916765346592
41.18916765346592
41.18916765346592
41.18916765346592
41.18916765346592
41.18916765346592
41.18916765346592
41.18916765346592
41.18916765346592
41.18916765346592
41.18916765346592
41.18916765346592
41.18916765346592
41.18916765346592
41.18916765346592
41.18916765346592
41.18916765346592
41.18916765346592
41.18916765346592
41.18916765346592
41.18916765346592
41.18916765346592
41.18916765346592
41.18916765346592
41.18916765346592
41.18916765346592
41.18916765346592
41.18916765346592
41.18916765346592
41.18916765346592
41.18916765346592
41.18916765346592
41.18916765346592
41.18916765346592
41.18916765346592
41.18916765346592
41.18916765346592
41.18916765346592
41.18916765346592
41.18916765346592
41.18916765346592
41.18916765346592
41.18916765346592
41.18916765346592
41.18916765346592
41.18916765346592
41.18916765346592
41.18916765346592
41.18916765346592
41.18916765346592
41.18916765346592
41.18916765346592
41.18916765346592
41.18916765346592
41.18916765346592
41.18916765346592
41.18916765346592
41.18916765346592
41.18916765346592
41.18916765346592
41.18916765346592
41.18916765346592
41.18916765346592
41.18916765346592
41.18916765346592
41.18916765346592
41.18916765346592
41.18916765346592
41.18916765346592
41.18916765346592
41.18916765346592
41.18916765346592
41.18916765346592
41.18916765346592
41.18916765346592
41.18916765346592
41.18916765346592
41.18916765346592
41.18916765346592
41.18916765346592
41.18916765346592
41.18916765346592
41.18916765346592
40.18500079369888
41.19038119153668
40.17975093165141
40.17737903042419
40.18300100691431
40.18948610910501
40.191292799656026
40.18265963604564
40.1730947440105
40.18043023901441
40.187670159409976
40.17901428718598
40.17563887139127
40.18063070957541
40.166372154343236
40.163516742229426
36.169391509732684
35.16773967740576
37.16059921228203
36.166902980890654
40.164269960502
41.15116997933774
37.76171917850423
41.15811462717684
39.153448507885
39.158621328329275
36.16249561417367
39.15649228644835
40.157399883191445
36.16212001350594
38.17277162169958
38.178841658267366
36.17341270339747
40.1791025910151
41.18656245429396
41.17968640319897
40.175778358812906
39.16754870035563
40.17512039628482
41.18254595765428
41.185966788896074
41.17954958175107
40.17523717910545
40.170884003864856
40.16785220279006
40.1797896104064
40.1762587120917
40.17288847224076
40.177744508335465
40.1712763991222
40.17236352877994
40.18195935452343
40.183683993399285
40.181750519085924
40.18784946756655
40.19066339366813
39.184882933234654
38.17873258379179
39.18356347539555
39.17724377233079
39.18626512926007
39.17366775516829
39.17852674711827
39.174640126456104
39.18222078868425
39.18101374128559
40.17255326529284
40.177981297194904
39.16548495573706
34.16347914416483
41.170026934853524
41.17593384945961
41.18175999483923
40.18059759287235
40.17282633050783
41.157675961281555
32.502255904750385
41.181363334240565
40.17627588256531
38.168678935944456
37.15978743621774
31.16944784096977
38.15530705443537
32.959671280148704
37.15214010086991
38.163757644373646
37.15268615309027
38.15929058072001
40.170866232639355
40.16434598445154
38.17084206576048
39.1703167294106
40.17193241478762
40.167758978001544
39.16027904970812
39.1569253201617
39.15831235957715
39.15202568108301
40.157161572728
41.16548403353785
41.16507406754988
41.16507406754988
41.16507406754988
41.16507406754988
41.16507406754988
41.16507406754988
41.16507406754988
41.16507406754988
41.16507406754988
41.16507406754988
41.16507406754988
41.16507406754988
41.16507406754988
41.16507406754988
41.16507406754988
41.16507406754988
41.16507406754988
41.16507406754988
41.16507406754988
41.16507406754988
41.16507406754988
41.16507406754988
41.16507406754988
41.16507406754988
41.16507406754988
41.16507406754988
41.16507406754988
41.16507406754988
41.16507406754988
41.16507406754988
41.16507406754988
41.16507406754988
41.16507406754988
41.16507406754988
41.16507406754988
41.16507406754988
41.16507406754988
41.16507406754988
41.16507406754988
41.16507406754988
41.16507406754988
41.16507406754988
41.16507406754988
41.16507406754988
41.16507406754988
41.16507406754988
41.16507406754988
41.16507406754988
41.16507406754988
41.16507406754988
41.16507406754988
41.16507406754988
41.16507406754988
41.16507406754988
41.16507406754988
41.16507406754988
41.16507406754988
41.16507406754988
41.16507406754988
41.16507406754988
41.16507406754988
41.16507406754988
41.16507406754988
41.16507406754988
41.16507406754988
41.16507406754988
41.16507406754988
-0.09501615797758306
0.041210098606929535
-0.08519650486990671
-0.012608587272891159
0.014688382969951091
-0.478057845548481
-0.45939161795792777
0.008250984460395044
0.08430365703698986
-0.37535111856119124
-0.1412126584071942
-0.002285640234523101
-0.01005115909164564
-0.14875162500930916
0.014439295228142857
-0.01519410245876407
-0.07468541152583613
-0.09129218843197723
0.045142365510531024
-0.09540025565941668
-0.229085305465898
-0.09231066152570205
-0.1005228692964859
-0.06128328637024244
-0.10396297688884182
-0.15703539838863861
-0.3178410384600317
-0.33055563155585915
-0.28645278213378716
-0.6245657585864306
-0.21927831190666092
-0.18738052824359747
-0.4305490099744225
-0.8049308563090922
-0.18173776310384931
26.149906813218774
-0.220554503897122
-0.2484942845394833
-0.24918466696183295
-0.15932719548863045
-0.03645443876109397
-0.10966770322451813
-0.17625461081246824
-0.19601849345665467
-0.44889552862749554
-0.7870041598073212
-0.9282725632487259
-0.9401415528367867
-1.2380142815896484
-1.2071448172633878
-1.0993121133119417
-0.47028583640454685
-0.014532344691511268
0.042454438333938554
0.028316758311511342
-0.05641119008712653
-0.33534639142677786
-0.31757839828189155
-0.31477064887219647
0.00392515586430639
-0.7082455000812782
-0.6646162084306889
-0.5876117618485768
-0.4143514617929673
-0.5982914382118856
-0.27506562576926047
-0.14561802880729666
0.04907130451669073
-0.5240729513951243
-0.6764541374205906
-0.5798383177764218
-0.5600032997608596
-0.5088395751913299
-0.5611093440360204
-0.16274121702330913
-0.5456646358936811
-0.49490975347357297
-0.5593508153117763
-0.5020842951088802
-0.8144288625719108
-0.5233350344335593
-0.07519334419715024
-0.2570726623370939
-0.1637280003117086
10.156182310437378
0.1173634326246883
0.0910323940402847
-0.28404142818392764
-0.45364587782672544
-0.6220152797253223
-0.4893983137893965
-0.48556436912451456
-0.4642827610634685
-0.048047322146267085
0.05983541619597946
0.049625627577127296
25.56479255884338
0.10355540844652633
-0.1017846217949756
-0.7827678450131064
0.012117628447340212
0.012117628447340212
0.012117628447340212
0.012117628447340212
0.012117628447340212
0.012117628447340212
0.012117628447340212
0.012117628447340212
0.012117628447340212
0.012117628447340212
0.012117628447340212
0.012117628447340212
0.012117628447340212
0.012117628447340212
0.012117628447340212
0.012117628447340212
0.012117628447340212
0.012117628447340212
0.012117628447340212
0.012117628447340212
-0.8066422400707258
-0.4402743716098155
-0.6197368835242261
-0.7704841200961788
-0.6437557301634318
-0.7157701920138632
-0.9302241543643859
-0.8291536760212307
-0.6258381081253459
-0.7006477893431114
-0.5973993948028411
-0.8271423678326972
-0.46663242977150726
-0.46079111079050056
-0.5937672540551348
-0.5947942403496469
-0.26580276688465443
-0.1691344897629789
-0.1788537207117969
-0.22377642429221845
-0.12420025674479407
-0.09678381169132871
-0.16279902310123373
-0.25185531838538155
-0.2711378623702081
-0.14152032530714104
-0.13136072775035196
-0.10392309606000316
-0.05767704970997284
-0.2833620024010651
-0.34443803455244565
-0.20898445407069205
-0.10631353059412729
-0.250709970925057
-0.42073738249316656
-0.5551153825088841
-0.497283629192346
-0.20893295296516168
-0.5182576355795633
-0.5520319863292852
-0.6863985124645455
-0.8623929152735355
-0.48838145585468434
-1.0580713114938793
-1.2394075153991757
-1.0378680048496765
-1.0465584179105245
-1.241430410911087
-1.164019356602692
-1.1797965674553965
-1.1957276589612917
-1.1963727532871182
-1.1133764075772015
-0.8899894926006878
-1.0577504274488543
-0.9602059925459009
-0.9002693203542457
-1.0287600191248985
-1.147132042567778
-0.9656051969593351
-1.2332933087915041
-1.088129150222559
-0.9971262154501527
-0.7248982066303478
-0.5429577332341443
-0.46446516960995343
-0.5052410623841684
-0.7456553436085646
-0.6670375142581056
-0.4493035156429581
-0.5763936072797297
-0.49647942790953964
-0.3434588292973139
-0.39384304075094406
-0.14122547314756317
-0.12796445853213828
-0.2204734422644954
-0.6085283248776875
-0.8897957284528143
-0.6891891901723982
-0.7205631343045827
-0.8847653313292448
-0.874760100942434
-0.46567831786820896
-0.5872623427630921
-0.2937775055994755
-0.4634885135891215
-0.6484331383112195
-0.7638842964912983
-0.6939331507830242
-0.8000729762485844
-0.7092954470318887
-0.5444855169588391
-0.508855683173659
-0.4766776291357715
-0.42955194314537076
-0.45551606831215025
-0.5359017813446412
-0.6344561645508298
-0.678761451585438
0.012117628447340212
0.012117628447340212
0.012117628447340212
0.012117628447340212
0.012117628447340212
0.012117628447340212
0.012117628447340212
0.012117628447340212
0.012117628447340212
0.012117628447340212
0.012117628447340212
0.012117628447340212
0.012117628447340212
0.012117628447340212
0.012117628447340212
0.012117628447340212
0.012117628447340212
0.012117628447340212
0.012117628447340212
0.012117628447340212
-0.5264829344352658
-0.450295537232596
-0.45041279187056454
-0.6702188504689618
-0.5894589520500905
-0.05803159361695992
-0.1411610021827846
-0.03191030716621024
-0.026143450434487653
-0.27211231043311845
-0.25177674404591954
-0.21845648192065636
-0.19125534533644567
-0.08873980026900125
0.06087993529867758
0.06628805790372491
-0.09790600596398125
0.0190119405227063
-0.003199973726648514
-0.029095690809086583
-0.1501429200350946
-0.18552543260379223
-0.052762103708708624
-0.173180415194572
-0.13632685655630555
-0.5247386753243523
-0.7549058917045836
-0.6716601728326221
-0.5606406407639041
-0.5583083428328799
-0.1703898157094254
-0.12748580172436758
0.08834027650936772
-2.942740339109684e-05
26.152486127099007
28.155396982264016
0.0628688856276837
0.1332641792614374
31.15510492698275
25.173249538915957
0.1042537072056841
26.154650156180406
29.153008937353896
0.11935249329247398
0.04274509933720516
-0.2441742935107883
-0.1815703131103129
-0.4918505220074329
-0.607502503872774
-0.6584872661756774
-0.6695690274785286
-0.7161436674064763
-0.7110478515445829
-0.7986942434958321
-0.8861443304156205
-0.6686518374294791
-0.39395140499391385
-0.09542167678982116
-0.02837842594924561
-0.2052552667580716
-0.26741252670533827
-0.2821511723791429
-0.7643508705667544
-0.7415836777939881
-0.7686955122908972
-0.6658076102432974
-0.6036161890503448
-0.6529185019816901
-0.7339718882376671
-0.783267971735197
-0.9261751064993005
-0.7307326132932738
-0.6237065166092812
-0.6709674845314274
-0.6080561429697218
-0.9963392901685003
-0.9167691273358339
-1.0424360699225874
-1.065791101365176
-0.9798571587138077
-0.6027533571078894
-0.4349100176542033
-0.028801885076681688
-0.07929454172161632
-0.09662271418252849
-0.06475715555507233
-0.029571545513565056
-0.13117683399629593
-0.0238723307846522
-0.43647012474191266
-0.5693796147700929
0.003603513935718894
-0.430125539789662
-0.6616894869795701
-0.7051482759424446
-0.47225686092136193
-0.7317003228682044
-0.33220523501143323
-0.47564670090212696
-0.44071098971796235
0.012117628447340212
0.012117628447340212
0.012117628447340212
0.012117628447340212
0.012117628447340212
0.012117628447340212
0.012117628447340212
0.012117628447340212
0.012117628447340212
0.012117628447340212
0.012117628447340212
0.012117628447340212
0.012117628447340212
0.012117628447340212
0.012117628447340212
0.012117628447340212
0.012117628447340212
0.012117628447340212
0.012117628447340212
0.012117628447340212
-0.2064539113359914
-0.21591140440580814
-0.3932449289571947
0.018586132961783575
-0.016083903440995306
-0.17039616024709853
-0.3147574373263396
-0.45054684021146685
-0.7442399082339036
-0.6666387551675412
-0.5347131733562451
-0.7600055177716822
-0.32187093542610806
-0.5504279423052894
-0.5956393488514706
-0.3820871419465863
-22.83865910868147
-0.7656865775739041
-11.521398786567858
0.0763490832344884
-0.034422985470467654
0.061553866530504875
38.15282384436863
0.03232656819990669
0.043084657959875455
0.034327858740885175
0.09171706489386322
-0.15495262897656215
-26.848202772179306
38.18133120223898
35.15907150280871
34.15122494891138
0.027522432640059172
39.160460817563234
39.16816180413771
-0.5907240327095173
-0.4906080491852802
-0.0847586434426218
-0.47567880056373113
-0.04958076864272709
-0.5486388564043947
0.026269759401340076
0.061181928170579575
-0.1021434564487636
-0.05722086258012929
-0.06339743715878128
-0.10046795797530994
0.02762850912633498
38.8703457195303
39.18325790908098
39.16838747307433
38.15154032619312
38.158971395893964
39.17250113764349
39.17752937996334
39.18079933041416
39.18077912555804
37.18894978250526
35.16394540386274
36.158560969044686
38.16013652357388
38.17278396013763
39.17187627698563
39.16410464459761
39.177619359857424
38.159778932715085
38.16525005610215
38.159510389924364
23.38378725455994
23.35297879884392
38.95074870087663
39.169555099064674
38.151343847845446
39.155895481648265
23.460109975314086
38.17784130077381
38.165839314216775
0.05293923396637211
38.15598734994485
39.17779347382421
38.16499016412662
0.11422491702208805
0.11464364534189606
-0.3030741750191996
-0.21111338971837018
7.6165950326536285
-0.32071562804512793
-0.401671648232487
-0.43343949019841344
-0.49932105917312797
-0.2864600421101729
37.18023259822737
37.172044953991346
37.15848155001603
0.07353590423452477
0.09403429684653981
34.18620882975009
37.3731443515652
39.77621760785475
40.16478595337954
38.167750026004455
38.167750026004455
38.167750026004455
38.167750026004455
38.167750026004455
38.167750026004455
38.167750026004455
38.167750026004455
38.167750026004455
38.167750026004455
38.167750026004455
38.167750026004455
38.167750026004455
38.167750026004455
38.167750026004455
38.167750026004455
38.167750026004455
38.167750026004455
38.167750026004455
38.167750026004455
38.167750026004455
38.167750026004455
38.167750026004455
38.167750026004455
38.167750026004455
38.167750026004455
38.167750026004455
38.167750026004455
38.167750026004455
38.167750026004455
38.167750026004455
38.167750026004455
38.167750026004455
38.167750026004455
38.167750026004455
38.167750026004455
38.167750026004455
38.167750026004455
38.167750026004455
38.167750026004455
38.167750026004455
38.167750026004455
38.167750026004455
38.167750026004455
38.167750026004455
38.167750026004455
38.167750026004455
38.167750026004455
38.167750026004455
38.167750026004455
38.167750026004455
38.167750026004455
38.167750026004455
38.167750026004455
38.167750026004455
38.167750026004455
38.167750026004455
38.167750026004455
38.167750026004455
38.167750026004455
38.167750026004455
38.167750026004455
38.167750026004455
38.167750026004455
38.167750026004455
38.167750026004455
38.167750026004455
38.167750026004455
38.167750026004455
38.167750026004455
38.167750026004455
38.167750026004455
38.167750026004455
38.167750026004455
38.167750026004455
38.167750026004455
38.167750026004455
38.167750026004455
38.167750026004455
38.167750026004455
38.167750026004455
38.167750026004455
38.167750026004455
38.167750026004455
38.167750026004455
38.167750026004455
38.167750026004455
38.167750026004455
38.167750026004455
38.167750026004455
38.167750026004455
38.167750026004455
38.167750026004455
38.167750026004455
38.167750026004455
38.167750026004455
38.167750026004455
38.167750026004455
38.167750026004455
38.167750026004455
40.16482863898998
40.16890537849256
40.17038053602621
39.17443533957499
40.16489182062789
40.17607736918431
40.150340577947794
24.089606745534216
40.15511951238152
40.165783496441215
40.1581936936446
24.364267164031062
41.15599908434492
40.174880246853014
40.16332755311224
40.17941811953282
40.176033782206645
40.17003607509618
40.165680523207186
32.15311433017774
38.5733481754637
-0.11331871334586008
-0.15333958848907026
27.16275416965388
24.153142139607684
-0.39608533662715334
26.16544349134822
26.15225923087633
29.168185188368028
23.15505845424009
27.16908810317103
-0.4428562585558719
-0.25877388187668676
-0.40872784869361617
31.17455254417511
29.171392904507734
25.188938770213536
8.587959933599542
31.172878430409376
39.57444254397826
37.16969084410011
36.37057169113576
32.17011071113028
33.16900657533294
34.16275134339678
-0.32351459714333275
-0.17242508623642663
-0.16616538401113046
23.15014763304938
-0.03683263581670601
-0.0931134782323847
0.06286910566193897
-0.12405257457628727
-0.14292382387082508
32.1639268056026
30.15867172531161
22.149864036050676
-0.4844102034037216
27.157964007977068
-0.4222874251167172
-0.5020102132821513
28.171879509976158
31.172599245419704
9.788712826444788
33.16545084841166
30.165916284158087
36.1662860703084
38.569520973284604
33.15798759855645
23.911119558170768
30.150727053140628
32.16207749113798
36.17325892636571
37.17194894145231
39.56427510015768
40.159433385727205
40.772236221231495
39.56179892121497
37.16809034236428
36.1639209161251
33.152273933619
38.56099081228598
40.163323568684305
40.15851336082499
40.173728559863434
40.171443346600235
40.16978390260669
39.18430257767918
38.18326109522779
37.370235191743234
35.17880230686038
34.174476328872906
40.15978720480774
39.57705172647219
38.577998431382646
37.77350734366938
35.1594249368442
-0.0659711880067344
41.153577630849135
41.16345291226176
41.15236969666013
41.15236969666013
41.15236969666013
41.15236969666013
41.15236969666013
41.15236969666013
41.15236969666013
41.15236969666013
41.15236969666013
41.15236969666013
41.15236969666013
41.15236969666013
41.15236969666013
41.15236969666013
41.15236969666013
41.15236969666013
41.15236969666013
41.15236969666013
41.15236969666013
41.15236969666013
41.15236969666013
41.15236969666013
41.15236969666013
41.15236969666013
41.15236969666013
41.15236969666013
41.15236969666013
41.15236969666013
41.15236969666013
41.15236969666013
41.15236969666013
41.15236969666013
41.15236969666013
41.15236969666013
41.15236969666013
41.15236969666013
41.15236969666013
41.15236969666013
41.15236969666013
41.15236969666013
41.15236969666013
41.15236969666013
41.15236969666013
41.15236969666013
41.15236969666013
41.15236969666013
41.15236969666013
41.15236969666013
41.15236969666013
41.15236969666013
41.15236969666013
41.15236969666013
41.15236969666013
41.15236969666013
41.15236969666013
41.15236969666013
41.15236969666013
41.15236969666013
41.15236969666013
41.15236969666013
41.15236969666013
41.15236969666013
41.15236969666013
41.15236969666013
41.15236969666013
41.15236969666013
41.15236969666013
41.15236969666013
41.15236969666013
41.15236969666013
41.15236969666013
41.15236969666013
41.15236969666013
41.15236969666013
41.15236969666013
41.15236969666013
41.15236969666013
41.15236969666013
41.15236969666013
41.15236969666013
41.15236969666013
41.15236969666013
41.15236969666013
41.15236969666013
41.15236969666013
41.15236969666013
41.15236969666013
41.15236969666013
41.15236969666013
41.15236969666013
41.15236969666013
41.15236969666013
41.15236969666013
41.15236969666013
41.15236969666013
41.15236969666013
41.15236969666013
41.15236969666013
41.15236969666013
41.15236969666013
40.15176267403886
40.160118785830505
40.172046833030365
40.17580057934347
40.1621289046633
40.17145258451866
39.16273545992624
40.17250178882664
40.171934743711155
40.17052587156196
40.164177750290925
40.1565477301606
-0.3110537149134413
0.07166725627718545
-0.1834727197942711
-0.16918382058801995
-0.095315651692083
-0.13876263814512158
40.18262296556445
40.1765329937173
41.178737531207176
40.163286320851725
40.16637960301616
-0.08664744505722644
40.15750773914751
40.165806388785356
39.1502342245695
-0.1508159637152653
-0.13655166394087098
40.17684097739757
38.15441780671151
38.159547848344744
39.17416022749262
38.17322526713518
39.187779725765544
40.18066699004367
29.127060004429037
36.16176753008597
37.16342877790204
0.11149622967627586
40.149954714244465
39.95671793529139
40.19241576048464
39.17158751445674
40.174528663765614
36.17457469086329
40.16634579186671
40.1787023775135
41.181397818342845
41.17274211236259
40.15338560412737
40.1679891388433
36.15561047276223
5.15492582451237
40.166987669118576
39.16068444559879
38.35988153054973
41.16874208816957
41.16332320834408
41.16829956218318
41.157694707213984
39.17458919469751
35.15372635813298
38.17821646084699
37.1869653352718
36.185331122424714
39.16380153865417
38.18626810680462
40.166831641353625
-0.3403481280149147
38.16138663665524
36.155425921647236
38.153286540827374
-24.831839319679105
-0.19514647372519695
-2.835403279327797
36.166873005778285
35.17930109935781
35.167471404510074
-9.291916485563432
0.07675340426564599
-0.013394947311758887
-0.042041079411831356
-0.1570124836603945
-0.14642196269454422
7.158202394564231
-13.847897401772613
39.16093831506507
41.165536052102446
41.15669774787712
41.162040923703024
41.17162007127942
41.17189814009772
41.16805964743057
41.17487093129108
41.180902967769896
41.179691966736556
41.18023530391673
41.170654836405234
40.173509754086936
38.15277155789998
38.15277155789998
38.15277155789998
38.15277155789998
38.15277155789998
38.15277155789998
38.15277155789998
38.15277155789998
38.15277155789998
38.15277155789998
38.15277155789998
38.15277155789998
38.15277155789998
38.15277155789998
38.15277155789998
38.15277155789998
38.15277155789998
38.15277155789998
38.15277155789998
38.15277155789998
38.15277155789998
38.15277155789998
38.15277155789998
38.15277155789998
38.15277155789998
38.15277155789998
38.15277155789998
38.15277155789998
38.15277155789998
38.15277155789998
38.15277155789998
38.15277155789998
38.15277155789998
38.15277155789998
38.15277155789998
38.15277155789998
38.15277155789998
38.15277155789998
38.15277155789998
38.15277155789998
38.15277155789998
38.15277155789998
38.15277155789998
38.15277155789998
38.15277155789998
38.15277155789998
38.15277155789998
38.15277155789998
38.15277155789998
38.15277155789998
38.15277155789998
38.15277155789998
38.15277155789998
38.15277155789998
38.15277155789998
38.15277155789998
38.15277155789998
38.15277155789998
38.15277155789998
38.15277155789998
38.15277155789998
38.15277155789998
38.15277155789998
38.15277155789998
38.15277155789998
38.15277155789998
38.15277155789998
38.15277155789998
38.15277155789998
38.15277155789998
38.15277155789998
38.15277155789998
38.15277155789998
38.15277155789998
38.15277155789998
38.15277155789998
38.15277155789998
38.15277155789998
38.15277155789998
38.15277155789998
38.15277155789998
38.15277155789998
38.15277155789998
38.15277155789998
38.15277155789998
38.15277155789998
38.15277155789998
38.15277155789998
38.15277155789998
38.15277155789998
38.15277155789998
38.15277155789998
38.15277155789998
38.15277155789998
38.15277155789998
38.15277155789998
38.15277155789998
38.15277155789998
38.15277155789998
38.15277155789998
40.164062839179024
41.15887230687231
37.15750009494268
40.170579765936665
41.17412996713222
41.164259952593895
41.15373390528386
40.1696130209378
40.18267154759029
41.1732736888738
40.17364143063028
41.165027701996394
41.16803710356596
40.16253315202473
41.152946902314405
32.96021335886888
41.15261938121228
35.96864560881527
34.15463898103036
35.16348456577996
34.172364008922074
37.166686643679526
39.57364158484338
40.157400287966084
40.161991525485035
40.15968847268055
41.1509901888336
39.75576282674048
39.16104580080868
40.15606218086852
39.176586384850495
41.16342329486146
0.12071967180594262
41.15748793620592
36.365094239774045
0.13254525029773404
39.97104702237273
41.16845489006806
41.168635551800655
40.75630632909819
38.555625959914764
40.761905551505485
40.77326689628808
38.553684096452486
35.16614880338516
34.15273273247751
31.153500567570845
-12.84152276700373
34.15077197176899
35.15708995791013
34.15317518272717
36.16589898506131
39.57236052559665
39.56862434350631
39.761373755515706
37.36462178269028
37.17897472159167
40.17099602996553
41.168172488314845
41.168532980140434
41.16280284809366
40.159701903881796
36.179424503778776
37.170723829352994
38.37244813593038
38.37620764725235
36.180571925243434
34.170626897853914
35.168623381782076
35.17653991752219
32.15622471895518
34.17701091253426
34.18205784427425
34.18264470859904
33.17516353528909
-0.17477601544384674
33.176638172234846
36.165328112252986
38.170342971468905
38.17872786892306
39.170490172442186
39.16685943544145
39.1685183874107
36.17386924211156
38.177397304856036
40.18070628797337
40.17535720573464
40.1620054584732
36.16295344200554
34.164186824694696
37.15449235861917
37.15220174022982
38.167956713603374
38.1640682712827
38.160521777861256
38.157755641833056
37.15935257239458
22.526554224795433
6.152040527133556
-33.84467657140037
41.18079490914844
41.18079490914844
41.18079490914844
41.18079490914844
41.18079490914844
41.18079490914844
41.18079490914844
41.18079490914844
41.18079490914844
41.18079490914844
41.18079490914844
41.18079490914844
41.18079490914844
41.18079490914844
41.18079490914844
41.18079490914844
41.18079490914844
41.18079490914844
41.18079490914844
41.18079490914844
41.18079490914844
41.18079490914844
41.18079490914844
41.18079490914844
41.18079490914844
41.18079490914844
41.18079490914844
41.18079490914844
41.18079490914844
41.18079490914844
41.18079490914844
41.18079490914844
41.18079490914844
41.18079490914844
41.18079490914844
41.18079490914844
41.18079490914844
41.18079490914844
41.18079490914844
41.18079490914844
41.18079490914844
41.18079490914844
41.18079490914844
41.18079490914844
41.18079490914844
41.18079490914844
41.18079490914844
41.18079490914844
41.18079490914844
41.18079490914844
41.18079490914844
41.18079490914844
41.18079490914844
41.18079490914844
41.18079490914844
41.18079490914844
41.18079490914844
41.18079490914844
41.18079490914844
41.18079490914844
41.18079490914844
41.18079490914844
41.18079490914844
41.18079490914844
41.18079490914844
41.18079490914844
41.18079490914844
41.18079490914844
41.18079490914844
41.18079490914844
41.18079490914844
41.18079490914844
41.18079490914844
41.18079490914844
41.18079490914844
41.18079490914844
41.18079490914844
41.18079490914844
41.18079490914844
41.18079490914844
41.18079490914844
41.18079490914844
